#Times 	                 Airmass 	 Delta Wav 	 FWHM 	        Sky Flux 	      Trace Center 
2457077.5758210709 	 1.4900000000 	 0.0009791080 	 3.4541361792 	 77.9885853379 	 308.2811168493 
2457077.5764923748 	 1.4840000000 	 0.0020170965 	 3.3666718763 	 77.6456849002 	 308.3282552756 
2457077.5778581314 	 1.4720000000 	 0.0072448080 	 3.5592493014 	 77.6961661465 	 308.1508015659 
2457077.5785410097 	 1.4660000000 	 0.0122441918 	 3.8382744168 	 78.8295851326 	 308.2673504084 
2457077.5792238875 	 1.4610000000 	 0.0192396402 	 3.2110275755 	 76.2578515345 	 308.0829157411 
2457077.5798951918 	 1.4550000000 	 0.0282427553 	 3.1277670534 	 75.7473098704 	 308.1247920704 
2457077.5805780697 	 1.4500000000 	 0.0389350186 	 3.2509073292 	 76.8860073204 	 308.1958011005 
2457077.5812609480 	 1.4440000000 	 0.0506826238 	 3.1131524649 	 76.0129144343 	 308.2070218596 
2457077.5819322518 	 1.4390000000 	 0.0626338916 	 3.2067186069 	 75.6818647960 	 308.2130589149 
2457077.5826151301 	 1.4330000000 	 0.0738621961 	 3.1925946588 	 75.9877602432 	 308.3080120779 
2457077.5832980084 	 1.4280000000 	 0.0835154709 	 3.2120727334 	 75.9294679207 	 308.3886000001 
2457077.5839808863 	 1.4230000000 	 0.0909510949 	 3.1023353977 	 75.4054823456 	 308.1598141677 
2457077.5846637646 	 1.4180000000 	 0.0958455640 	 3.2659135113 	 75.4386216272 	 308.3705414408 
2457077.5853466429 	 1.4130000000 	 0.0982560825 	 3.2831490638 	 74.3470978924 	 308.3196223316 
2457077.5860295207 	 1.4080000000 	 0.0986036895 	 2.9366561231 	 74.9052102469 	 308.2286800332 
2457077.5867123990 	 1.4030000000 	 0.0975583571 	 2.9775848446 	 74.8658173414 	 308.2115189314 
2457077.5873952773 	 1.3980000000 	 0.0958607650 	 2.9254615680 	 74.0427415779 	 308.3290399051 
2457077.5880781552 	 1.3930000000 	 0.0941512649 	 3.0219614531 	 73.9483582391 	 308.0531841460 
2457077.5887494590 	 1.3880000000 	 0.0928721399 	 3.0129006216 	 73.2037404218 	 308.2303287905 
2457077.5894323373 	 1.3830000000 	 0.0922645978 	 3.0219470729 	 73.4247966447 	 308.4512354369 
2457077.5901152156 	 1.3780000000 	 0.0924264822 	 2.9451367251 	 73.0782994919 	 308.3628181494 
2457077.5907865195 	 1.3740000000 	 0.0933698855 	 2.9651892953 	 72.3310830185 	 308.1503925405 
2457077.5914578233 	 1.3690000000 	 0.0950338512 	 3.2016846871 	 67.6541180637 	 308.2028349600 
2457077.5921175531 	 1.3650000000 	 0.0972629264 	 3.1133924402 	 68.2748346146 	 308.3630797938 
2457077.5927657085 	 1.3610000000 	 0.0997866871 	 3.1033640226 	 67.6075227539 	 308.4010514533 
2457077.5934254383 	 1.3560000000 	 0.1022515846 	 2.9473582735 	 67.0516100408 	 308.2293342738 
2457077.5940851676 	 1.3520000000 	 0.1043077977 	 3.0591563256 	 67.4541028000 	 308.2621466432 
2457077.5947448974 	 1.3480000000 	 0.1057255407 	 2.9379492670 	 67.0397335663 	 308.2756509966 
2457077.5954046273 	 1.3440000000 	 0.1064820409 	 3.0274450783 	 66.6513272178 	 308.2737183429 
2457077.5960643571 	 1.3400000000 	 0.1067862925 	 3.1692328550 	 66.0194391843 	 308.3837595112 
2457077.5967240864 	 1.3360000000 	 0.1070458210 	 3.0256642127 	 66.8335470551 	 308.4321523774 
2457077.5973838163 	 1.3320000000 	 0.1078005581 	 3.0637473878 	 66.1188031280 	 308.2627335593 
2457077.5980319716 	 1.3280000000 	 0.1096413830 	 3.0026130256 	 66.2322931048 	 308.2409098452 
2457077.5993514312 	 1.3200000000 	 0.1186689472 	 2.7093062135 	 65.4168363925 	 308.2806420965 
2457077.6000111606 	 1.3160000000 	 0.1265148214 	 2.7952643126 	 65.4193638034 	 308.2508460775 
2457077.6006708904 	 1.3120000000 	 0.1366619869 	 2.6231659487 	 64.8685609534 	 308.2769147956 
2457077.6013306202 	 1.3080000000 	 0.1488855585 	 2.7135762988 	 65.2037022563 	 308.2452783957 
2457077.6019903496 	 1.3050000000 	 0.1627581559 	 2.8458950126 	 64.0173741003 	 308.2825559970 
2457077.6026385049 	 1.3010000000 	 0.1777044676 	 2.8699508231 	 64.4333926654 	 308.1845239138 
2457077.6032982348 	 1.2970000000 	 0.1931023978 	 2.8033567740 	 63.4864952164 	 308.2021024462 
2457077.6039579646 	 1.2940000000 	 0.2084280426 	 2.7063736219 	 64.1820890869 	 308.2952542015 
2457077.6046176939 	 1.2900000000 	 0.2233857136 	 2.8593436816 	 63.5972842788 	 308.2764666033 
2457077.6052658493 	 1.2870000000 	 0.2379337164 	 2.7382793167 	 63.5918185609 	 308.2469666468 
2457077.6059024306 	 1.2830000000 	 0.2521610037 	 2.6382645361 	 57.1786206221 	 308.2602998354 
2457077.6065274375 	 1.2800000000 	 0.2660839344 	 2.6108627847 	 56.9469320438 	 308.3011706013 
2457077.6071524448 	 1.2770000000 	 0.2795031988 	 2.8222468939 	 56.3781248677 	 308.2821200873 
2457077.6077658776 	 1.2740000000 	 0.2920199687 	 3.0429801032 	 58.5149032926 	 308.2597612783 
2457077.6083908845 	 1.2700000000 	 0.3031836118 	 2.9346524689 	 56.8737546577 	 308.2685370180 
2457077.6090158913 	 1.2670000000 	 0.3126406239 	 3.0114661439 	 55.8326871175 	 308.3139828845 
2457077.6096408986 	 1.2640000000 	 0.3201977232 	 2.8415372171 	 55.5346703930 	 308.1783642580 
2457077.6102543315 	 1.2610000000 	 0.3257839786 	 2.6583490715 	 54.6512418243 	 308.2473771624 
2457077.6108793383 	 1.2580000000 	 0.3293812543 	 2.6663310867 	 54.9493369722 	 308.3740723767 
2457077.6115043452 	 1.2550000000 	 0.3309914235 	 2.8123201152 	 54.6696681273 	 308.2590248830 
2457077.6121293521 	 1.2520000000 	 0.3306472583 	 2.7872928290 	 54.2614857134 	 308.1939955404 
2457077.6127543594 	 1.2490000000 	 0.3284509184 	 2.7466385069 	 53.9344589297 	 308.2939636883 
2457077.6133793662 	 1.2460000000 	 0.3246069050 	 2.7447282040 	 53.3036835166 	 308.2521117186 
2457077.6139927991 	 1.2440000000 	 0.3194412625 	 2.7157621537 	 54.1240016065 	 308.2317022816 
2457077.6146178059 	 1.2410000000 	 0.3133923332 	 2.7544991997 	 53.5754629602 	 308.2222620767 
2457077.6152428128 	 1.2380000000 	 0.3069704753 	 2.8923548768 	 53.7706453646 	 308.3636764201 
2457077.6158678196 	 1.2350000000 	 0.3006830647 	 2.8222984177 	 53.5492197572 	 308.2746041338 
2457077.6164812525 	 1.2320000000 	 0.2949353435 	 2.6550038947 	 52.6267175917 	 308.2115725367 
2457077.6171062593 	 1.2300000000 	 0.2899492735 	 2.9976985415 	 53.1496886015 	 308.3611682809 
2457077.6183446990 	 1.2240000000 	 0.2821162212 	 2.7469772633 	 51.7132926747 	 308.2417919264 
2457077.6189697064 	 1.2220000000 	 0.2788773634 	 2.7035281502 	 51.4213247867 	 308.2622546774 
2457077.6195947132 	 1.2190000000 	 0.2758602291 	 2.6712616650 	 50.9767737999 	 308.3525594332 
2457077.6202197201 	 1.2170000000 	 0.2730750210 	 2.5666240664 	 51.1693518959 	 308.2273546771 
2457077.6208331529 	 1.2140000000 	 0.2707068666 	 2.6292098467 	 51.2827297147 	 308.2140595152 
2457077.6214465857 	 1.2110000000 	 0.2690460118 	 2.4860355395 	 47.1561112987 	 308.2706138632 
2457077.6220484441 	 1.2090000000 	 0.2683750395 	 2.6186397620 	 47.2127019578 	 308.2836187719 
2457077.6226503025 	 1.2070000000 	 0.2688640878 	 2.6788964295 	 46.5498898003 	 308.2584632655 
2457077.6232521613 	 1.2040000000 	 0.2704998742 	 2.6287091758 	 46.2738442627 	 308.2546005527 
2457077.6238424452 	 1.2020000000 	 0.2730734192 	 2.6305778640 	 46.3157897386 	 308.2823495695 
2457077.6244443040 	 1.2000000000 	 0.2762267910 	 2.4793042800 	 45.5018993892 	 308.2171758290 
2457077.6250461624 	 1.1970000000 	 0.2795415184 	 2.5947219219 	 45.3386347573 	 308.1671550397 
2457077.6256480208 	 1.1950000000 	 0.2826530384 	 2.5856225079 	 44.9480425954 	 308.2270994688 
2457077.6262383051 	 1.1930000000 	 0.2853457866 	 2.5890327736 	 45.1417958869 	 308.3465397214 
2457077.6280438807 	 1.1860000000 	 0.2917693078 	 2.6626713309 	 44.1225905912 	 308.3500561534 
2457077.6286457391 	 1.1840000000 	 0.2944056087 	 2.7253102256 	 44.0789929190 	 308.3946805014 
2457077.6292475979 	 1.1820000000 	 0.2978432561 	 2.8913356422 	 43.9215412757 	 308.3045229694 
2457077.6304397406 	 1.1780000000 	 0.3070684241 	 2.7667319373 	 43.1794637429 	 308.2887841533 
2457077.6310415990 	 1.1760000000 	 0.3120386166 	 2.6736276139 	 43.4268200658 	 308.1777194159 
2457077.6316434573 	 1.1740000000 	 0.3163135405 	 2.9356455613 	 43.8143190999 	 308.2032933926 
2457077.6322453157 	 1.1720000000 	 0.3191475886 	 2.6889768719 	 43.2089527056 	 308.3084661308 
2457077.6328356001 	 1.1700000000 	 0.3199747179 	 3.0185954400 	 43.4980507752 	 308.2826291432 
2457077.6334374584 	 1.1680000000 	 0.3185309776 	 2.9378447549 	 42.7776216746 	 308.3985340639 
2457077.6340393168 	 1.1660000000 	 0.3149088002 	 2.6651032638 	 43.2944659445 	 308.2974951812 
2457077.6346411756 	 1.1640000000 	 0.3095448429 	 2.6923638310 	 42.3565485878 	 308.3036412274 
2457077.6352430340 	 1.1620000000 	 0.3031395126 	 2.7538980161 	 42.6194071579 	 308.2160976892 
2457077.6358448924 	 1.1600000000 	 0.2965153390 	 2.7765212191 	 42.2947939655 	 308.2585918933 
2457077.6364351767 	 1.1590000000 	 0.2904377699 	 2.7726270703 	 42.4043175880 	 308.3166663714 
2457077.6370370351 	 1.1570000000 	 0.2854552023 	 2.9527126958 	 42.6464760704 	 308.1964329710 
2457077.6376388934 	 1.1550000000 	 0.2818031693 	 2.7297388315 	 42.1354511749 	 308.2269360337 
2457077.6388310362 	 1.1510000000 	 0.2779167582 	 2.6189622981 	 41.9572649819 	 308.1777813633 
2457077.6394328945 	 1.1500000000 	 0.2768899161 	 2.5602924699 	 41.5721633674 	 308.1360790825 
2457077.6400347529 	 1.1480000000 	 0.2758312391 	 2.7048206929 	 41.9907051106 	 308.2536744799 
2457077.6412268956 	 1.1440000000 	 0.2719963991 	 2.6106906166 	 41.7840197884 	 308.3153909475 
2457077.6418403285 	 1.1430000000 	 0.2686824387 	 2.5108372971 	 41.3458939030 	 308.1358736047 
2457077.6424306124 	 1.1410000000 	 0.2642975321 	 2.5415129816 	 41.7065752331 	 308.1988064668 
2457077.6430324707 	 1.1390000000 	 0.2589246990 	 2.6393819523 	 41.7351640357 	 308.0642082972 
2457077.6436343291 	 1.1380000000 	 0.2527928057 	 2.6019181161 	 41.9668044641 	 308.1603054349 
2457077.6442361875 	 1.1360000000 	 0.2462307104 	 2.9799025849 	 41.6794604960 	 308.1247509597 
2457077.6448380463 	 1.1350000000 	 0.2395811283 	 2.6741816076 	 41.3882981157 	 308.1156385045 
2457077.6454283302 	 1.1330000000 	 0.2331162644 	 2.6822085453 	 41.7567275747 	 308.1927372926 
2457077.6460301885 	 1.1320000000 	 0.2269983314 	 2.6738245011 	 42.0473141056 	 308.2898412185 
2457077.6466320469 	 1.1300000000 	 0.2213039375 	 2.5914593823 	 41.3072153707 	 308.1670737009 
2457077.6472339053 	 1.1290000000 	 0.2160821094 	 2.9229509518 	 41.3744784767 	 308.1717930478 
2457077.6478357636 	 1.1270000000 	 0.2113934783 	 2.7541156152 	 40.9549718439 	 308.1606042574 
2457077.6484260480 	 1.1260000000 	 0.2073010264 	 2.7086952114 	 41.4268049731 	 308.1812122675 
2457077.6490279064 	 1.1240000000 	 0.2038276017 	 3.0561392617 	 41.4708272105 	 308.1683722560 
2457077.6496297647 	 1.1230000000 	 0.2009260312 	 3.1087138823 	 41.9859628576 	 308.1517817340 
2457077.6502316231 	 1.1210000000 	 0.1984955145 	 2.7207824448 	 41.2580007667 	 308.1462381283 
2457077.6508334815 	 1.1200000000 	 0.1964310057 	 2.8691677712 	 40.7342650754 	 308.1909103783 
2457077.6514237658 	 1.1190000000 	 0.1946686730 	 3.1634782601 	 40.8246495033 	 308.1519791249 
2457077.6520256242 	 1.1170000000 	 0.1931918546 	 2.6920058465 	 40.2621080374 	 308.2589249012 
2457077.6526274821 	 1.1160000000 	 0.1920018014 	 2.7957337736 	 40.6636408278 	 308.0801638093 
2457077.6532293404 	 1.1150000000 	 0.1910742679 	 2.6193521926 	 40.5707113821 	 308.1727010407 
2457077.6538196248 	 1.1130000000 	 0.1903361401 	 2.5101489944 	 40.7350788288 	 308.1619332226 
2457077.6544214832 	 1.1120000000 	 0.1896692923 	 2.4531802924 	 40.7584774168 	 308.1166408374 
2457077.6550233415 	 1.1110000000 	 0.1889403710 	 2.4747762705 	 41.0549855803 	 308.1048736649 
2457077.6556251999 	 1.1090000000 	 0.1880411213 	 2.4496742401 	 40.9839922887 	 308.1149993291 
2457077.6562270583 	 1.1080000000 	 0.1869203602 	 2.4322530455 	 40.2394684996 	 308.1313743124 
2457077.6568289166 	 1.1070000000 	 0.1855922677 	 2.4199474922 	 40.3062400409 	 308.1021420751 
2457077.6574307750 	 1.1060000000 	 0.1841082110 	 2.3136620024 	 40.5650737621 	 308.1005100709 
2457077.6580210589 	 1.1050000000 	 0.1824864223 	 2.4390460842 	 40.9564032612 	 308.1180323400 
2457077.6586229173 	 1.1030000000 	 0.1806240295 	 2.4447114592 	 41.3947438539 	 308.0564316814 
2457077.6592247756 	 1.1020000000 	 0.1782251458 	 2.6307500441 	 41.5813894232 	 308.1472241192 
2457077.6598266340 	 1.1010000000 	 0.1747834002 	 2.6398841280 	 41.4604150198 	 308.0931026548 
2457077.6604169179 	 1.1000000000 	 0.1696516480 	 2.4855033047 	 40.5376052655 	 308.1974428038 
2457077.6610303503 	 1.0990000000 	 0.1621954377 	 2.6921670999 	 40.7322009892 	 308.0605899618 
2457077.6616206346 	 1.0980000000 	 0.1520082037 	 2.6451231701 	 41.3983097561 	 307.9896899100 
2457077.6622224930 	 1.0970000000 	 0.1391101786 	 2.6615035178 	 41.9585430719 	 308.2050189611 
2457077.6628243513 	 1.0960000000 	 0.1240460166 	 2.5071294973 	 42.0678852655 	 308.0875326189 
2457077.6634262092 	 1.0950000000 	 0.1078039974 	 2.5869790710 	 42.1694810816 	 308.1992161808 
2457077.6640164936 	 1.0940000000 	 0.0915519168 	 2.6594235875 	 42.5031143368 	 308.1903367353 
2457077.6646183520 	 1.0930000000 	 0.0762839615 	 2.4830025132 	 41.6978619747 	 308.2326408581 
2457077.6664123526 	 1.0900000000 	 0.0394219991 	 2.3026965101 	 41.0805341182 	 308.1476558372 
2457077.6670142105 	 1.0890000000 	 0.0294052436 	 2.3075241053 	 41.3282865179 	 308.2562818448 
2457077.6676160689 	 1.0880000000 	 0.0201887897 	 2.4205107860 	 41.4923325513 	 308.1269174816 
2457077.6682179272 	 1.0870000000 	 0.0119290948 	 2.4209841355 	 41.4945873077 	 308.2547796261 
2457077.6688197856 	 1.0860000000 	 0.0049291660 	 2.3766988531 	 41.7513404730 	 308.1929717432 
2457077.6694216440 	 1.0850000000 	 -0.0005653264 	 2.4442196157 	 41.5154397155 	 308.0675383739 
2457077.6700119278 	 1.0840000000 	 -0.0045087812 	 2.3574174222 	 41.3366490509 	 308.1786997890 
2457077.6706137862 	 1.0840000000 	 -0.0070871783 	 2.5081391689 	 40.7891173866 	 308.1892443667 
2457077.6712156441 	 1.0830000000 	 -0.0086393899 	 2.5186700666 	 41.2737700606 	 308.2178259144 
2457077.6718175025 	 1.0820000000 	 -0.0095537529 	 2.4900049345 	 41.3231886225 	 308.1516961610 
2457077.6724077864 	 1.0810000000 	 -0.0102020879 	 2.4791998249 	 41.6190797472 	 308.0689027021 
2457077.6730096447 	 1.0800000000 	 -0.0109186614 	 2.4274459584 	 41.0381189170 	 308.2287168018 
2457077.6736115031 	 1.0800000000 	 -0.0120093845 	 2.3311337532 	 40.9503071010 	 308.1101931290 
2457077.6742133615 	 1.0790000000 	 -0.0137515804 	 2.2797444479 	 41.3185991654 	 308.1216430606 
2457077.6748152194 	 1.0780000000 	 -0.0163486065 	 2.2649899032 	 40.9373079561 	 308.0852619183 
2457077.6754055037 	 1.0770000000 	 -0.0198490809 	 2.3314553942 	 40.4423197123 	 308.1245257381 
2457077.6759957876 	 1.0770000000 	 -0.0240528460 	 2.3879670907 	 35.6061593465 	 307.9717877144 
2457077.6765629230 	 1.0760000000 	 -0.0284827085 	 2.3925098936 	 35.8694725644 	 308.0861866679 
2457077.6771300589 	 1.0750000000 	 -0.0324756601 	 2.3379248423 	 36.0059747582 	 308.0939955109 
2457077.6776856203 	 1.0750000000 	 -0.0354275921 	 2.3113567904 	 35.7464556810 	 307.9462870506 
2457077.6782527557 	 1.0740000000 	 -0.0371106462 	 2.4456577760 	 36.1368628840 	 308.0307727251 
2457077.6788198915 	 1.0740000000 	 -0.0379013599 	 2.4100333946 	 38.7364352026 	 308.1264729779 
2457077.6793870269 	 1.0730000000 	 -0.0387513514 	 2.4441670290 	 36.4132689226 	 308.0820805395 
2457077.6799541628 	 1.0720000000 	 -0.0408569686 	 2.5121641527 	 35.9461343167 	 308.1680376754 
2457077.6805212982 	 1.0720000000 	 -0.0451725797 	 2.3980871048 	 36.1415348698 	 308.1734714639 
2457077.6810884336 	 1.0710000000 	 -0.0520116575 	 2.4225142729 	 36.0077712850 	 308.0925123732 
2457077.6816439950 	 1.0710000000 	 -0.0609294255 	 2.6093656364 	 35.6548587869 	 308.0012827430 
2457077.6822111309 	 1.0700000000 	 -0.0709077576 	 2.5830924050 	 35.9241102751 	 308.0963908230 
2457077.6827782663 	 1.0700000000 	 -0.0807096026 	 2.6703694739 	 35.8997832289 	 308.0536732864 
2457077.6833454021 	 1.0690000000 	 -0.0892324914 	 2.5992525683 	 35.5349779192 	 308.2469366718 
2457077.6839009635 	 1.0690000000 	 -0.0957404162 	 2.6275793132 	 35.8960733415 	 308.0265513671 
2457077.6844680989 	 1.0680000000 	 -0.0999494452 	 2.7138702763 	 36.1918121217 	 308.1077710708 
2457077.6850352343 	 1.0680000000 	 -0.1019953707 	 2.5656213317 	 35.7699685826 	 308.0625695785 
2457077.6856023702 	 1.0670000000 	 -0.1023535603 	 2.6251231104 	 35.5054462128 	 308.1491759318 
2457077.6861695056 	 1.0670000000 	 -0.1017175072 	 2.6058305784 	 35.4123384295 	 308.1050961465 
2457077.6867366410 	 1.0660000000 	 -0.1008773071 	 2.5634485674 	 36.2790845955 	 308.1570037815 
2457077.6872922024 	 1.0660000000 	 -0.1005867635 	 2.5467855386 	 35.5087971340 	 308.0376187509 
2457077.6878593382 	 1.0660000000 	 -0.1014747395 	 2.4107398164 	 35.4279870663 	 308.0801182060 
2457077.6884264736 	 1.0650000000 	 -0.1040372534 	 2.4483283784 	 35.2246019619 	 308.1746363994 
2457077.6889936090 	 1.0650000000 	 -0.1087431625 	 2.6020114784 	 35.5376545774 	 308.0133304300 
2457077.6895607449 	 1.0650000000 	 -0.1161956095 	 2.7083306887 	 35.3724626388 	 308.1607779442 
2457077.6901163063 	 1.0640000000 	 -0.1272371252 	 2.5122560572 	 35.3515660799 	 308.0094475878 
2457077.6906834417 	 1.0640000000 	 -0.1428530694 	 2.3675106429 	 35.1482453745 	 308.0522202601 
2457077.6912505771 	 1.0640000000 	 -0.1638308665 	 2.4571292529 	 35.4662193764 	 308.0269052237 
2457077.6918177125 	 1.0630000000 	 -0.1902756799 	 2.4494822415 	 34.9785891372 	 308.0361515961 
2457077.6923848484 	 1.0630000000 	 -0.2212155289 	 2.3160609904 	 34.8952688421 	 308.0329780746 
2457077.6929404098 	 1.0630000000 	 -0.2545522290 	 2.5366463087 	 35.8244613609 	 308.0182495401 
2457077.6935075452 	 1.0620000000 	 -0.2874726849 	 2.4631009028 	 35.4306683804 	 308.0269292306 
2457077.6940862550 	 1.0620000000 	 -0.3171922953 	 2.4812818460 	 39.2086471748 	 308.0413663097 
2457077.6946765389 	 1.0620000000 	 -0.3417346447 	 2.6877660238 	 39.3723880163 	 308.0694232111 
2457077.6952552483 	 1.0620000000 	 -0.3604020486 	 2.4909626370 	 38.5582670872 	 308.0340769000 
2457077.6958455322 	 1.0610000000 	 -0.3737620291 	 2.3784138195 	 38.8204103881 	 308.0188955424 
2457077.6964358161 	 1.0610000000 	 -0.3832098412 	 2.4171466624 	 38.8572170718 	 308.0097222224 
2457077.6970145260 	 1.0610000000 	 -0.3903579661 	 2.3281143363 	 38.5290549886 	 307.9515817360 
2457077.6981950938 	 1.0610000000 	 -0.4025594706 	 2.6070134738 	 38.6136583540 	 308.0243108144 
2457077.6987853777 	 1.0610000000 	 -0.4088085889 	 2.3892025811 	 39.3481427719 	 308.0726372298 
2457077.6993756616 	 1.0600000000 	 -0.4153971144 	 2.2627529505 	 39.8258248245 	 308.1771871467 
2457077.6999543710 	 1.0600000000 	 -0.4223477959 	 2.3160641002 	 39.4618183279 	 308.0660424998 
2457077.7005446549 	 1.0600000000 	 -0.4296498122 	 2.2693679436 	 39.2719873368 	 308.0170641093 
2457077.7011349387 	 1.0600000000 	 -0.4372572347 	 2.2364756351 	 39.0195424449 	 307.9750819250 
2457077.7017252226 	 1.0600000000 	 -0.4451303612 	 2.2107313920 	 38.9224348909 	 307.9569150884 
2457077.7023039325 	 1.0600000000 	 -0.4533327956 	 2.3368254942 	 38.9013101622 	 308.0006271254 
2457077.7028942164 	 1.0600000000 	 -0.4621382209 	 2.2052152261 	 39.0426036872 	 308.0867299143 
2457077.7034729258 	 1.0600000000 	 -0.4720383766 	 2.2124051770 	 36.0337582306 	 307.9698588338 
2457077.7040400612 	 1.0600000000 	 -0.4836058070 	 2.1871483124 	 35.3924528836 	 308.1190334618 
2457077.7046071971 	 1.0600000000 	 -0.4972556719 	 2.1921493233 	 35.6161666399 	 308.0187653531 
2457077.7051627580 	 1.0600000000 	 -0.5130116621 	 2.3201008765 	 35.4402390180 	 307.9641170300 
2457077.7057298934 	 1.0600000000 	 -0.5303807251 	 2.2415267784 	 35.1329983933 	 308.0696118876 
2457077.7062970293 	 1.0600000000 	 -0.5483939141 	 2.2725783189 	 35.1743900236 	 308.0384702738 
2457077.7068525902 	 1.0600000000 	 -0.5658174466 	 2.3696443325 	 35.9506583114 	 308.0174414513 
2457077.7074197256 	 1.0600000000 	 -0.5814599081 	 2.4561236751 	 36.0725453515 	 308.0280486815 
2457077.7079868610 	 1.0600000000 	 -0.5944703902 	 2.4345495383 	 36.6194161194 	 307.9528613805 
2457077.7085539969 	 1.0600000000 	 -0.6045160703 	 2.3645911727 	 35.9814404039 	 308.0621119569 
2457077.7091211323 	 1.0600000000 	 -0.6117641803 	 2.4603650598 	 35.6399668896 	 307.9495303840 
2457077.7096766932 	 1.0600000000 	 -0.6167127315 	 2.6064508558 	 35.9871304261 	 307.9493025607 
2457077.7102438286 	 1.0600000000 	 -0.6199460549 	 2.4543038445 	 35.1745549330 	 308.0336556688 
2457077.7108109640 	 1.0600000000 	 -0.6219371830 	 2.4981571411 	 35.4933942987 	 307.9761679671 
2457077.7113780994 	 1.0600000000 	 -0.6229508988 	 2.4246398821 	 35.4728213849 	 307.9049416908 
2457077.7119452353 	 1.0600000000 	 -0.6230598093 	 2.4552304092 	 36.0199903578 	 308.0717667820 
2457077.7125239447 	 1.0610000000 	 -0.6221988409 	 2.4405139963 	 39.6672447130 	 308.0400762868 
2457077.7131026541 	 1.0610000000 	 -0.6202122160 	 2.3842608209 	 39.6162749527 	 308.0131808954 
2457077.7136929380 	 1.0610000000 	 -0.6168687021 	 2.5389380096 	 39.0473711446 	 308.0850177106 
2457077.7142832219 	 1.0610000000 	 -0.6118534296 	 2.3280707619 	 39.2502017267 	 307.9747938218 
2457077.7148735058 	 1.0610000000 	 -0.6047797189 	 2.3393638615 	 38.9477695136 	 307.9855675924 
2457077.7160424991 	 1.0620000000 	 -0.5828832269 	 2.4049415752 	 38.7608967371 	 308.0483600056 
2457077.7166327829 	 1.0620000000 	 -0.5676462803 	 2.4556493619 	 38.2241199910 	 307.9652739016 
2457077.7172230664 	 1.0620000000 	 -0.5498863345 	 2.4419297766 	 38.5729399553 	 307.9981822099 
2457077.7178133503 	 1.0620000000 	 -0.5305819853 	 2.3275807211 	 39.4501857839 	 307.9731111677 
2457077.7183920597 	 1.0630000000 	 -0.5113629988 	 2.3981145882 	 39.1226070189 	 307.9565650655 
2457077.7189823436 	 1.0630000000 	 -0.4943784787 	 2.2944734708 	 38.8134820014 	 308.0212152069 
2457077.7195726275 	 1.0630000000 	 -0.4820134005 	 2.3506602827 	 39.1658938724 	 308.0588084957 
2457077.7201629113 	 1.0640000000 	 -0.4765258695 	 2.2664108569 	 38.8803018454 	 308.0055859998 
2457077.7207416208 	 1.0640000000 	 -0.4796330148 	 2.3177181535 	 38.6308444070 	 308.0199170394 
2457077.7213319046 	 1.0640000000 	 -0.4920594905 	 2.2610902790 	 38.5769413782 	 308.0665439416 
2457077.7219221881 	 1.0650000000 	 -0.5131650830 	 2.3466139489 	 39.2892976805 	 308.0486914864 
2457077.7225008979 	 1.0650000000 	 -0.5408779474 	 2.2413193632 	 39.2638338736 	 308.0658094578 
2457077.7230911814 	 1.0650000000 	 -0.5720876652 	 2.2609163751 	 39.1343721624 	 308.0428380456 
2457077.7236814653 	 1.0660000000 	 -0.6034280183 	 2.3194507133 	 39.7082105809 	 308.1709336249 
2457077.7242717491 	 1.0660000000 	 -0.6321100806 	 2.2731984095 	 38.8817495196 	 308.1072380709 
2457077.7248620326 	 1.0670000000 	 -0.6564545621 	 2.2704876173 	 39.1623884401 	 308.1131896556 
2457077.7254407424 	 1.0670000000 	 -0.6759825347 	 2.3175015333 	 39.1894242685 	 308.1270301690 
2457077.7260310259 	 1.0680000000 	 -0.6911900084 	 2.2518960200 	 38.4834082418 	 308.1382505942 
2457077.7266213098 	 1.0680000000 	 -0.7031805861 	 2.2996293206 	 38.8956100540 	 308.2363469907 
2457077.7377788289 	 1.0800000000 	 -0.6398924193 	 2.2605336379 	 38.2175996165 	 308.1870062399 
2457077.7383691124 	 1.0810000000 	 -0.6355351823 	 2.2967011024 	 38.6580113441 	 308.1138622144 
2457077.7389478218 	 1.0810000000 	 -0.6323407849 	 2.2096252161 	 39.3658794010 	 308.1962878858 
2457077.7395381057 	 1.0820000000 	 -0.6295218242 	 2.3702347289 	 39.1024739308 	 308.1992783874 
2457077.7401283891 	 1.0830000000 	 -0.6263452080 	 2.4706564880 	 38.7391235220 	 308.1625114221 
2457077.7407186725 	 1.0840000000 	 -0.6224359498 	 2.4050619206 	 38.3723139028 	 308.3152005239 
2457077.7413089564 	 1.0850000000 	 -0.6179291140 	 2.4391394087 	 39.0618204104 	 308.2688355060 
2457077.7418876658 	 1.0850000000 	 -0.6134098115 	 2.4521646176 	 39.3440917166 	 308.1938857773 
2457077.7424779492 	 1.0860000000 	 -0.6097046974 	 2.4220053992 	 38.7054753636 	 308.2585358636 
2457077.7430682331 	 1.0870000000 	 -0.6075869188 	 2.4095459439 	 38.7398808539 	 308.2358976952 
2457077.7436469425 	 1.0880000000 	 -0.6075220421 	 2.4534659704 	 38.9200245122 	 308.2459624801 
2457077.7442372260 	 1.0890000000 	 -0.6095047299 	 2.4591344178 	 38.6736208797 	 308.1283358719 
2457077.7448275099 	 1.0900000000 	 -0.6130954042 	 2.5171237758 	 38.5153154014 	 308.2101867487 
2457077.7454177933 	 1.0910000000 	 -0.6175942207 	 2.4949041452 	 38.5993424322 	 308.2978735278 
2457077.7459965027 	 1.0920000000 	 -0.6223063806 	 2.3214826456 	 38.4199058703 	 308.2479688494 
2457077.7465867861 	 1.0930000000 	 -0.6267960364 	 2.3013246330 	 38.9258523375 	 308.1883690844 
2457077.7471770700 	 1.0940000000 	 -0.6310332885 	 2.2699481397 	 38.7581382302 	 308.2602841789 
2457077.7477673534 	 1.0950000000 	 -0.6353868972 	 2.3842606526 	 38.9856993733 	 308.2311408836 
2457077.7483576373 	 1.0960000000 	 -0.6405155121 	 2.3791281321 	 39.6152541736 	 308.2945573343 
2457077.7489363467 	 1.0970000000 	 -0.6472365889 	 2.3498502217 	 39.0353380181 	 308.3014332973 
2457077.7495266302 	 1.0980000000 	 -0.6564241784 	 2.3048287693 	 39.2462205386 	 308.2507310403 
2457077.7501169136 	 1.0990000000 	 -0.6689053845 	 2.3513771427 	 38.1220023752 	 308.2226448579 
2457077.7507071975 	 1.1000000000 	 -0.6852632911 	 2.4279106541 	 39.3546857173 	 308.3548982096 
2457077.7512859064 	 1.1010000000 	 -0.7055112268 	 2.3748137978 	 39.8025373400 	 308.3210191555 
2457077.7518761903 	 1.1020000000 	 -0.7287944023 	 2.4967553577 	 39.3458338601 	 308.3290930010 
2457077.7524664737 	 1.1030000000 	 -0.7533133912 	 2.6560537809 	 39.3523888488 	 308.3879664580 
2457077.7530567572 	 1.1040000000 	 -0.7766526739 	 2.4792231611 	 39.5994391425 	 308.3457416533 
2457077.7536470410 	 1.1050000000 	 -0.7963740662 	 2.3728547805 	 39.2407259051 	 308.3295348857 
2457077.7542373245 	 1.1070000000 	 -0.8105966487 	 2.4979812835 	 38.9959800291 	 308.5245505823 
2457077.7548160339 	 1.1080000000 	 -0.8182516277 	 2.4036506402 	 39.0781365573 	 308.5015924666 
2457077.7554063173 	 1.1090000000 	 -0.8190475671 	 2.3723341368 	 38.9664152323 	 308.2500559315 
2457077.7559966007 	 1.1100000000 	 -0.8133927365 	 2.5418754782 	 39.0575341770 	 308.2579391647 
2457077.7565753101 	 1.1110000000 	 -0.8025135155 	 2.4423027755 	 38.8252557824 	 308.3082490538 
2457077.7571655940 	 1.1130000000 	 -0.7887025243 	 2.5084040049 	 38.6377986147 	 308.3073741307 
2457077.7577443030 	 1.1140000000 	 -0.7753278920 	 2.5112932143 	 38.2411661474 	 308.4182195801 
2457077.7583345869 	 1.1150000000 	 -0.7662128536 	 2.3536913993 	 37.9799128782 	 308.3668390088 
2457077.7589248703 	 1.1170000000 	 -0.7644236464 	 2.2879848470 	 38.8928499608 	 308.3079196081 
2457077.7595151537 	 1.1180000000 	 -0.7709746840 	 2.3587844037 	 38.9985395845 	 308.2392645792 
2457077.7606841465 	 1.1210000000 	 -0.8005492886 	 2.4370143661 	 39.5594666612 	 308.3102251424 
2457077.7612744300 	 1.1220000000 	 -0.8154633959 	 2.4587204472 	 38.7318569577 	 308.3339280271 
2457077.7618647139 	 1.1230000000 	 -0.8253842115 	 2.4078418840 	 38.9576731737 	 308.4433219736 
2457077.7624549973 	 1.1250000000 	 -0.8283973130 	 2.5809396272 	 38.8734610422 	 308.4489332470 
2457077.7630337067 	 1.1260000000 	 -0.8243610537 	 2.5202742202 	 38.1452682574 	 308.3816530962 
2457077.7636239901 	 1.1280000000 	 -0.8144723734 	 2.4437871448 	 39.2974047491 	 308.5147902906 
2457077.7642142735 	 1.1290000000 	 -0.8007673427 	 2.5462679009 	 39.1929558855 	 308.4652363763 
2457077.7648045570 	 1.1300000000 	 -0.7858042209 	 2.5673739756 	 39.4584433686 	 308.4114915660 
2457077.7653948404 	 1.1320000000 	 -0.7724108048 	 2.6964003340 	 39.0644081740 	 308.3348984730 
2457077.7659735498 	 1.1330000000 	 -0.7633000056 	 3.3534725389 	 40.1492208825 	 308.3577791955 
2457077.7665638332 	 1.1350000000 	 -0.7604782744 	 3.2690227873 	 39.8800107887 	 308.5912653194 
2457077.7671541166 	 1.1370000000 	 -0.7646853333 	 2.9189054311 	 39.4719709015 	 308.3768041131 
2457077.7677328261 	 1.1380000000 	 -0.7751288102 	 3.0476764989 	 39.7375718172 	 308.5353592148 
2457077.7683231095 	 1.1400000000 	 -0.7897433209 	 2.9147060553 	 39.8183671202 	 308.4312760658 
2457077.7689133929 	 1.1410000000 	 -0.8058602809 	 2.8292559772 	 39.2230161612 	 308.4223899615 
2457077.7695152508 	 1.1430000000 	 -0.8210468388 	 2.5964636423 	 39.3343013532 	 308.3594110550 
2457077.7701055342 	 1.1450000000 	 -0.8337489262 	 2.7530854239 	 39.6906724388 	 308.3905009319 
2457077.7706958177 	 1.1460000000 	 -0.8435452914 	 2.8624030181 	 39.7543776874 	 308.3392298485 
2457077.7712745271 	 1.1480000000 	 -0.8509747953 	 2.7671896767 	 39.1831147045 	 308.3535028475 
2457077.7718648105 	 1.1500000000 	 -0.8570716159 	 2.7543043868 	 39.0491397765 	 308.3645760219 
2457077.7724550939 	 1.1510000000 	 -0.8628040649 	 2.7263633384 	 38.7960135224 	 308.2845324676 
2457077.7730453773 	 1.1530000000 	 -0.8686494797 	 2.5840710223 	 38.6444412900 	 308.2485538511 
2457077.7736356608 	 1.1550000000 	 -0.8744331126 	 2.4784301413 	 39.2484270157 	 308.2728364199 
2457077.7742143697 	 1.1570000000 	 -0.8794617639 	 2.5044778098 	 38.7496193936 	 308.3091348930 
2457077.7748046536 	 1.1580000000 	 -0.8828402503 	 2.7248503807 	 39.2172088700 	 308.2227837270 
2457077.7753949370 	 1.1600000000 	 -0.8838279448 	 2.5766394160 	 39.7111113860 	 308.2812221142 
2457077.7759852204 	 1.1620000000 	 -0.8820939610 	 2.6674378814 	 39.7755144555 	 308.4240824355 
2457077.7765755039 	 1.1640000000 	 -0.8778031935 	 2.6535212686 	 40.2998354342 	 308.4615521216 
2457077.7777444962 	 1.1680000000 	 -0.8639374308 	 2.9038198011 	 39.8944050713 	 308.3054569490 
2457077.7783347797 	 1.1700000000 	 -0.8557579364 	 3.0699776407 	 39.7169512382 	 308.2758589631 
2457077.7789134891 	 1.1720000000 	 -0.8474567665 	 2.8489214474 	 39.1447654232 	 308.3358392196 
2457077.7795037725 	 1.1740000000 	 -0.8393374605 	 2.7329801731 	 39.4153144877 	 308.4059565676 
2457077.7800940559 	 1.1760000000 	 -0.8316017443 	 2.7109408252 	 39.0635512323 	 308.4549575229 
2457077.7806727649 	 1.1770000000 	 -0.8243814890 	 2.5750145123 	 39.3654607829 	 308.4689478348 
2457077.7812630483 	 1.1800000000 	 -0.8176941121 	 2.5425486840 	 39.2921707742 	 308.1940695587 
2457077.7818533317 	 1.1820000000 	 -0.8113694007 	 2.8010835060 	 39.6597259653 	 308.5546018762 
2457077.7830223246 	 1.1860000000 	 -0.7983821085 	 2.6310631758 	 40.0458895449 	 308.4983139587 
2457077.7842028914 	 1.1900000000 	 -0.7830939859 	 2.5763038773 	 39.9632491950 	 308.3587274908 
2457077.7847931748 	 1.1920000000 	 -0.7746631559 	 2.6421844201 	 39.9528298781 	 308.2613921006 
2457077.7853718838 	 1.1940000000 	 -0.7660624437 	 2.5176251063 	 39.7471792200 	 308.3476834561 
2457077.7859621672 	 1.1970000000 	 -0.7575470826 	 2.4184873577 	 39.6802406670 	 308.4717809649 
2457077.7865524506 	 1.1990000000 	 -0.7492758043 	 2.6607947783 	 39.5324621855 	 308.3407231911 
2457077.7871427340 	 1.2010000000 	 -0.7413314891 	 2.4727527812 	 39.7240608626 	 308.4508180984 
2457077.7883117264 	 1.2060000000 	 -0.7265779538 	 2.5099014047 	 40.2159055271 	 308.5469027552 
2457077.7889020098 	 1.2080000000 	 -0.7198235625 	 2.5364671779 	 39.9040290624 	 308.4234288127 
2457077.7894922933 	 1.2100000000 	 -0.7135394872 	 2.4715155992 	 40.0396395856 	 308.3367185124 
2457077.7900710022 	 1.2130000000 	 -0.7078169829 	 2.4205956036 	 39.8397281180 	 308.3797824710 
2457077.7906612856 	 1.2150000000 	 -0.7027976489 	 2.8123700550 	 39.6914736893 	 308.3673092385 
2457077.7912515691 	 1.2170000000 	 -0.6986337641 	 2.4584195376 	 40.5120651947 	 308.3308796692 
2457077.7918302785 	 1.2200000000 	 -0.6954229752 	 2.5572511389 	 40.4586549792 	 308.5010563991 
2457077.7924205614 	 1.2220000000 	 -0.6931549813 	 2.8136135591 	 40.6535707366 	 308.4316564422 
2457077.7930108448 	 1.2250000000 	 -0.6917137231 	 3.0679460134 	 41.0315138133 	 308.4717588234 
2457077.7936127027 	 1.2270000000 	 -0.6909236761 	 3.0327202732 	 43.9672408005 	 308.4354890159 
2457077.7942145602 	 1.2300000000 	 -0.6906174917 	 2.9660979578 	 44.3368466462 	 308.3882580386 
2457077.7948279916 	 1.2330000000 	 -0.6906880398 	 2.6757994025 	 43.9634015555 	 308.4147380529 
2457077.7954414235 	 1.2350000000 	 -0.6911142708 	 2.7734391044 	 44.3217871352 	 308.4965267152 
2457077.7960548550 	 1.2380000000 	 -0.6919621461 	 2.9444686717 	 44.7814111817 	 308.4908590167 
2457077.7966567124 	 1.2410000000 	 -0.6933834807 	 2.5490954707 	 44.0265119615 	 308.4693806970 
2457077.7972701443 	 1.2430000000 	 -0.6956174285 	 2.7019820805 	 44.4458667224 	 308.5059018834 
2457077.7978835758 	 1.2460000000 	 -0.6989931820 	 2.8921338318 	 44.4934709289 	 308.4348030504 
2457077.7984970077 	 1.2490000000 	 -0.7039327925 	 2.8220437393 	 45.0487640267 	 308.6112671533 
2457077.7990988651 	 1.2520000000 	 -0.7109287107 	 2.8498405207 	 44.2643143501 	 308.6097546357 
2457077.7997122970 	 1.2550000000 	 -0.7204849175 	 2.9652522847 	 45.1731742126 	 308.7112134638 
2457077.8003257285 	 1.2580000000 	 -0.7329779664 	 2.9123219781 	 45.1894513768 	 308.4933200261 
2457077.8009275859 	 1.2610000000 	 -0.7484331101 	 2.7506414900 	 44.8075069122 	 308.4562682214 
2457077.8015525918 	 1.2640000000 	 -0.7662591036 	 2.6829461354 	 44.8836460543 	 308.6240863782 
2457077.8021544493 	 1.2670000000 	 -0.7850830969 	 2.7114005847 	 43.4437567393 	 308.6283692830 
2457077.8027678812 	 1.2700000000 	 -0.8028607275 	 2.5311338450 	 43.2116075355 	 308.4805337890 
2457077.8033813126 	 1.2730000000 	 -0.8173160401 	 2.7659308575 	 43.5011567338 	 308.4282912460 
2457077.8039947441 	 1.2760000000 	 -0.8265822119 	 2.8798937350 	 43.9842179767 	 308.4467554922 
2457077.8045966020 	 1.2790000000 	 -0.8297400498 	 2.8304626612 	 43.9285398561 	 308.5097000467 
2457077.8051984594 	 1.2820000000 	 -0.8269837035 	 2.8254437687 	 43.8656538856 	 308.5003585436 
2457077.8058234649 	 1.2860000000 	 -0.8193554336 	 2.8943895184 	 43.0495680210 	 308.5093586103 
2457077.8064368968 	 1.2890000000 	 -0.8082399040 	 2.7934694251 	 43.2702170153 	 308.5527464155 
2457077.8070503282 	 1.2920000000 	 -0.7949139448 	 2.9209892310 	 43.5450740620 	 308.5664360738 
2457077.8076637601 	 1.2960000000 	 -0.7803637192 	 2.9925489450 	 43.3311068386 	 308.5779055680 
2457077.8082771916 	 1.2990000000 	 -0.7653663341 	 3.1199198444 	 43.6730337846 	 308.5938053509 
2457077.8088790490 	 1.3020000000 	 -0.7506739493 	 3.0054610114 	 45.4433326714 	 308.6111143356 
2457077.8095156290 	 1.3060000000 	 -0.7370951335 	 2.9540251796 	 48.0162485420 	 308.5383015186 
2457077.8101522089 	 1.3090000000 	 -0.7253979230 	 2.9607639426 	 47.0466538583 	 308.5589696232 
2457077.8107887888 	 1.3130000000 	 -0.7161034378 	 3.0278143025 	 48.4318559350 	 308.4986245520 
2457077.8114253688 	 1.3170000000 	 -0.7093270909 	 3.1545500228 	 48.7477281916 	 308.5696706163 
2457077.8120503747 	 1.3200000000 	 -0.7047714418 	 3.1206889462 	 48.1287322325 	 308.5342308696 
2457077.8126869546 	 1.3240000000 	 -0.7018698539 	 3.2324663029 	 47.6130474496 	 308.5339682029 
2457077.8133235346 	 1.3280000000 	 -0.6999961171 	 3.1452187264 	 46.9877614932 	 308.5713802408 
2457077.8139485405 	 1.3320000000 	 -0.6986353950 	 3.3427745828 	 47.6485134493 	 308.5379536383 
2457077.8145851204 	 1.3350000000 	 -0.6974767077 	 3.2379377639 	 47.3165574281 	 308.6102158128 
2457077.8152217004 	 1.3390000000 	 -0.6964134074 	 3.4052003859 	 47.1714741954 	 308.6046730362 
2457077.8158582803 	 1.3430000000 	 -0.6954909659 	 3.2604405829 	 47.8608895866 	 308.6012279667 
2457077.8164832862 	 1.3470000000 	 -0.6948255252 	 3.2379605063 	 47.2427055446 	 308.5835970038 
2457077.8171198661 	 1.3510000000 	 -0.6945337709 	 3.8907548987 	 48.5254615700 	 308.5874729353 
2457077.8177564461 	 1.3550000000 	 -0.6946879042 	 3.4574782043 	 48.0684371051 	 308.7019875805 
2457077.8183930260 	 1.3600000000 	 -0.6952993815 	 3.5020833073 	 48.2445114175 	 308.5965249843 
2457077.8190296059 	 1.3640000000 	 -0.6963262508 	 3.3648092992 	 48.2549452731 	 308.5421686847 
2457077.8196546114 	 1.3680000000 	 -0.6976785016 	 3.0765393333 	 47.6004471429 	 308.6112867292 
2457077.8202911913 	 1.3720000000 	 -0.6992206162 	 3.0754567505 	 47.0544615879 	 308.6969492253 
2457077.8209277713 	 1.3770000000 	 -0.7007850649 	 3.2595712291 	 47.8672837628 	 308.5931058460 
2457077.8215643512 	 1.3810000000 	 -0.7021952511 	 3.3254314243 	 47.3993731433 	 308.6457963580 
2457077.8228259371 	 1.3900000000 	 -0.7041926170 	 3.0839754244 	 47.2735597450 	 308.5487321003 
2457077.8234625170 	 1.3940000000 	 -0.7050232144 	 3.3466875755 	 47.5444993699 	 308.5823452227 
2457077.8240990969 	 1.3990000000 	 -0.7063129466 	 3.4622422030 	 48.2173530056 	 308.5134919914 
2457077.8247356769 	 1.4030000000 	 -0.7087617549 	 3.3267704780 	 48.1929233956 	 308.4493116871 
2457077.8253722568 	 1.4080000000 	 -0.7130995991 	 3.3960124978 	 48.3865148122 	 308.6233539112 
2457077.8259972623 	 1.4130000000 	 -0.7197885801 	 3.3474314356 	 47.3821490131 	 308.7236791232 
2457077.8266338422 	 1.4170000000 	 -0.7286908350 	 3.3873106587 	 47.7105510177 	 308.6106865078 
2457077.8272704221 	 1.4220000000 	 -0.7388422164 	 3.3908029298 	 47.7175793304 	 308.6280496099 
2457077.8279070021 	 1.4270000000 	 -0.7484978132 	 3.2512458426 	 47.6331713330 	 308.5065818297 
2457077.8285435820 	 1.4320000000 	 -0.7555253040 	 3.4883994009 	 48.7607818205 	 308.5599770844 
2457077.8304417473 	 1.4470000000 	 -0.7460343435 	 3.5029393071 	 47.9258334026 	 308.5498241709 
2457077.8310783273 	 1.4520000000 	 -0.7319839068 	 3.6380628108 	 48.7551574152 	 308.4760498098 
2457077.8317149072 	 1.4570000000 	 -0.7135733845 	 4.2042295680 	 49.6861059072 	 308.6737222173 
2457077.8323514871 	 1.4630000000 	 -0.6914731933 	 3.9729821552 	 48.9150528054 	 308.6534996830 
2457077.8329764926 	 1.4680000000 	 -0.6662279580 	 3.4123583816 	 49.4884484629 	 308.7104456781 
2457077.8342496525 	 1.4790000000 	 -0.6104551475 	 3.4422433218 	 50.2362738880 	 308.6964996264 
2457077.8348862324 	 1.4840000000 	 -0.5843543328 	 3.4184964908 	 50.1560715445 	 308.6253027079 
2457077.8355343863 	 1.4900000000 	 -0.5639411110 	 3.4194164938 	 53.2357759432 	 308.5325313673 
2457077.8362056888 	 1.4950000000 	 -0.5526646732 	 3.7511133981 	 56.7802934379 	 308.5981883759 
