#Times 	                 Airmass 	 Delta Wav 	 FWHM 	        Sky Flux 	      Trace Center 
2458273.4836750268 	 1.1260000000 	 0.0000000000 	 2.7020756792 	 36.7569495338 	 332.7055410563 
2458273.4843231146 	 1.1270000000 	 0.2720839359 	 2.8143969103 	 36.3120420538 	 332.8862313325 
2458273.4856192903 	 1.1300000000 	 0.3129279376 	 2.9511097259 	 37.2914216394 	 332.7843732892 
2458273.4862673781 	 1.1320000000 	 0.3326525383 	 2.9013377230 	 36.8472651285 	 332.9121650284 
2458273.4869154659 	 1.1340000000 	 0.3466096993 	 3.2715592408 	 37.3969963525 	 332.8334795101 
2458273.4875751268 	 1.1360000000 	 0.3531066370 	 3.1361728560 	 36.6704591143 	 332.8839348458 
2458273.4882232146 	 1.1370000000 	 0.3521144931 	 2.8526479993 	 37.5299476402 	 332.7775855791 
2458273.4896119745 	 1.1410000000 	 0.3322229645 	 2.9043225897 	 42.9995001216 	 332.7856765401 
2458273.4903179272 	 1.1430000000 	 0.3164058090 	 3.1239409671 	 43.7592102727 	 332.8324170998 
2458273.4910238800 	 1.1450000000 	 0.2986636524 	 3.3730601509 	 44.6994252077 	 332.9377627228 
2458273.4917298327 	 1.1470000000 	 0.2802022606 	 3.1497514774 	 44.3775514862 	 332.9067542247 
2458273.4924357855 	 1.1490000000 	 0.2618560715 	 2.8790214511 	 44.4680152092 	 332.8050624838 
2458273.4931417382 	 1.1510000000 	 0.2440489419 	 2.9229196003 	 43.2350166268 	 332.8443378598 
2458273.4938476910 	 1.1530000000 	 0.2268316078 	 2.8264730525 	 44.3858561217 	 332.9233026763 
2458273.4945536437 	 1.1550000000 	 0.2100067696 	 2.7623887205 	 43.2652263165 	 332.8160632056 
2458273.4952480234 	 1.1570000000 	 0.1933334470 	 2.7240358243 	 44.4065091162 	 332.9164936790 
2458273.4959539762 	 1.1590000000 	 0.1766775044 	 2.5665491141 	 43.4862283189 	 332.8398047516 
2458273.4966599289 	 1.1620000000 	 0.1600470047 	 2.6489310663 	 43.6337984867 	 332.8631575854 
2458273.4973774548 	 1.1640000000 	 0.1435365525 	 2.4664002666 	 44.0103988038 	 332.8651161529 
2458273.4980834075 	 1.1660000000 	 0.1272472320 	 2.3869322919 	 43.8441939291 	 332.8073194998 
2458273.4987893603 	 1.1680000000 	 0.1112587646 	 2.4853948638 	 43.9195667277 	 332.8627563629 
2458273.4994837400 	 1.1710000000 	 0.0956717330 	 2.3847599932 	 44.5744270871 	 332.8739786643 
2458273.5001896927 	 1.1730000000 	 0.0806668073 	 2.3860575357 	 43.5256810682 	 332.8448623688 
2458273.5008956455 	 1.1750000000 	 0.0665172994 	 2.4164178652 	 44.0732298461 	 332.9074104149 
2458273.5016247444 	 1.1780000000 	 0.0535314435 	 2.4558953496 	 43.7316267994 	 332.8610701830 
2458273.5022844048 	 1.1800000000 	 0.0419520253 	 2.4721545229 	 36.9321818019 	 332.9375995291 
2458273.5029440657 	 1.1830000000 	 0.0318801622 	 2.4345942982 	 37.6417604299 	 332.9862493859 
2458273.5035805805 	 1.1850000000 	 0.0232646358 	 2.5186320853 	 37.0570565808 	 332.9178167880 
2458273.5042286683 	 1.1870000000 	 0.0159541361 	 2.3226221490 	 36.2253703891 	 333.0733209853 
2458273.5048883292 	 1.1900000000 	 0.0097743339 	 2.3933252490 	 36.0740987660 	 333.0372046611 
2458273.5055248439 	 1.1920000000 	 0.0045841125 	 2.3862645619 	 36.2312906476 	 332.9587846514 
2458273.5061845044 	 1.1940000000 	 0.0002868829 	 2.4210289934 	 36.4274459631 	 333.0158001053 
2458273.5068325922 	 1.1970000000 	 -0.0031976959 	 2.4937369332 	 37.1802818465 	 333.0068256177 
2458273.5074806800 	 1.1990000000 	 -0.0059663475 	 2.5416174057 	 37.4133794482 	 332.9807577575 
2458273.5081634866 	 1.2020000000 	 -0.0081495521 	 2.6325363961 	 43.3235877767 	 332.9758184845 
2458273.5088694394 	 1.2040000000 	 -0.0099011173 	 2.5652519734 	 42.7979173291 	 333.0129053051 
2458273.5095753921 	 1.2070000000 	 -0.0113633388 	 2.4788353748 	 43.4774560235 	 332.8593179933 
2458273.5102813449 	 1.2100000000 	 -0.0126302426 	 2.6570709890 	 44.3994857947 	 332.9710172284 
2458273.5109988702 	 1.2130000000 	 -0.0137304319 	 2.5335371544 	 43.2866899360 	 333.0528376090 
2458273.5117048230 	 1.2160000000 	 -0.0146404161 	 2.3415442740 	 43.5181775394 	 333.0514154392 
2458273.5124107758 	 1.2190000000 	 -0.0153245179 	 2.3301948927 	 44.6311507933 	 333.0325290921 
2458273.5131283011 	 1.2220000000 	 -0.0157769291 	 2.4549792975 	 44.0073147319 	 333.1131946698 
2458273.5138342539 	 1.2250000000 	 -0.0160419620 	 2.3579831781 	 43.8074031891 	 333.1273838984 
2458273.5145402066 	 1.2280000000 	 -0.0162001375 	 2.4944042993 	 43.0056160977 	 333.1769962625 
2458273.5152461594 	 1.2310000000 	 -0.0163320134 	 2.4649767280 	 44.3239057639 	 333.1735801726 
2458273.5159521122 	 1.2340000000 	 -0.0164983536 	 2.6937068222 	 44.5937814711 	 333.1675330791 
2458273.5166580644 	 1.2370000000 	 -0.0167552911 	 2.5087900614 	 44.0322085878 	 333.1290550628 
2458273.5173524441 	 1.2400000000 	 -0.0171915766 	 2.7624894976 	 45.1152595899 	 333.1264650698 
2458273.5180583969 	 1.2430000000 	 -0.0179468971 	 2.4852930342 	 43.3076085681 	 333.1804696246 
2458273.5187643496 	 1.2470000000 	 -0.0191816371 	 2.6640986444 	 44.1470525032 	 333.2530032073 
2458273.5194703024 	 1.2500000000 	 -0.0210114319 	 2.6606298110 	 44.6299314826 	 333.1392166098 
2458273.5201762547 	 1.2530000000 	 -0.0234566246 	 2.6184553407 	 44.2693438162 	 333.0966572246 
2458273.5208822074 	 1.2570000000 	 -0.0264498406 	 2.5174409118 	 44.8961226953 	 333.1318888064 
2458273.5215881602 	 1.2600000000 	 -0.0299031728 	 2.7147525369 	 45.4568008994 	 333.1005251720 
2458273.5222941129 	 1.2630000000 	 -0.0337947455 	 2.7013123456 	 45.3024272440 	 333.1424614213 
2458273.5230000652 	 1.2670000000 	 -0.0382150600 	 2.8253568462 	 44.1220113387 	 333.1908023662 
2458273.5237060180 	 1.2700000000 	 -0.0433378083 	 2.6242963378 	 44.4990522722 	 333.0898333552 
2458273.5244119707 	 1.2740000000 	 -0.0493208749 	 2.7252987587 	 43.5683213864 	 333.1083533011 
2458273.5251179230 	 1.2780000000 	 -0.0561891363 	 2.7882371649 	 47.1569693003 	 333.0095734197 
2458273.5258238758 	 1.2810000000 	 -0.0637625297 	 2.8725943756 	 43.7585647353 	 333.1155271784 
2458273.5265298286 	 1.2850000000 	 -0.0716864741 	 3.0248294181 	 45.0725266088 	 333.1713319679 
2458273.5272357808 	 1.2890000000 	 -0.0795575340 	 2.8306238032 	 44.2211941369 	 333.2046171234 
2458273.5279417336 	 1.2930000000 	 -0.0870749924 	 2.8047391315 	 43.8958044260 	 333.1119728209 
2458273.5286476864 	 1.2960000000 	 -0.0941222006 	 2.8950450930 	 45.6416882830 	 333.3136225257 
2458273.5293536386 	 1.3000000000 	 -0.1007248702 	 2.7836036959 	 44.1339212325 	 333.1770489077 
2458273.5300595914 	 1.3040000000 	 -0.1069114112 	 2.8686627932 	 44.7571539002 	 333.2324672890 
2458273.5307655442 	 1.3080000000 	 -0.1125802374 	 2.8832212771 	 44.0724555393 	 333.2937988163 
2458273.5314714964 	 1.3120000000 	 -0.1174814826 	 3.0005181841 	 45.8345796752 	 333.1428919574 
2458273.5321774492 	 1.3160000000 	 -0.1213399915 	 2.8032680806 	 44.9614934082 	 333.2364832532 
2458273.5328834015 	 1.3200000000 	 -0.1240575593 	 2.7258261407 	 45.1481334294 	 333.2174829602 
2458273.5335893543 	 1.3250000000 	 -0.1258562056 	 2.9791563723 	 46.8854570260 	 333.2591206798 
2458273.5342953070 	 1.3290000000 	 -0.1272643488 	 2.8142576240 	 46.1933194222 	 333.1750258796 
2458273.5349896862 	 1.3330000000 	 -0.1289494618 	 2.8472520387 	 45.3112576480 	 333.1906798214 
2458273.5356956390 	 1.3370000000 	 -0.1314881537 	 3.0153484747 	 45.7421958263 	 333.2500755660 
2458273.5364015917 	 1.3420000000 	 -0.1351972723 	 3.0441845628 	 45.7493750686 	 333.1587317733 
2458273.5371075440 	 1.3460000000 	 -0.1400975782 	 2.9668160747 	 47.3550896838 	 333.2173903229 
2458273.5378134968 	 1.3510000000 	 -0.1460025574 	 3.0807580747 	 46.9133116451 	 333.2351350644 
2458273.5385078760 	 1.3550000000 	 -0.1526554313 	 2.9794747376 	 47.5658852155 	 333.2431120532 
2458273.5392138287 	 1.3600000000 	 -0.1598310567 	 3.1528914912 	 47.2397364937 	 333.2878047842 
2458273.5399197815 	 1.3640000000 	 -0.1673660241 	 2.7990804170 	 46.2841927308 	 333.2929101256 
2458273.5406257338 	 1.3690000000 	 -0.1751330193 	 2.9823503160 	 46.2884850419 	 333.3180189085 
2458273.5413316865 	 1.3740000000 	 -0.1830130014 	 2.9351400506 	 46.5828165114 	 333.2913989640 
2458273.5420376388 	 1.3790000000 	 -0.1908983870 	 2.9119882640 	 46.5802404347 	 333.3363419839 
2458273.5427435916 	 1.3830000000 	 -0.1987256151 	 3.0260246510 	 47.6136024838 	 333.3674983143 
2458273.5434495439 	 1.3880000000 	 -0.2064994865 	 3.0612009670 	 45.8398156638 	 333.3087914745 
2458273.5442365073 	 1.3930000000 	 -0.2142725492 	 2.9533948442 	 66.9448576674 	 333.3112922493 
2458273.5451160548 	 1.4000000000 	 -0.2220766002 	 3.0953496073 	 67.1189957228 	 333.4227335428 
2458273.5459956024 	 1.4060000000 	 -0.2298490648 	 3.1065742340 	 67.5195847892 	 333.4629061968 
2458273.5468635764 	 1.4120000000 	 -0.2374177016 	 3.1021060863 	 68.4015368878 	 333.5342622399 
2458273.5477431240 	 1.4190000000 	 -0.2445767360 	 3.2137390502 	 69.7045959160 	 333.4547298110 
2458273.5486226715 	 1.4260000000 	 -0.2512233520 	 3.1958833972 	 72.0384865175 	 333.3525770808 
2458273.5494906460 	 1.4320000000 	 -0.2574723528 	 3.2072888090 	 70.1372383376 	 333.2922291587 
2458273.5503701931 	 1.4390000000 	 -0.2636720552 	 3.2153506460 	 70.0302761342 	 333.4189900893 
2458273.5512613137 	 1.4460000000 	 -0.2703125279 	 3.0138364098 	 68.9398360414 	 333.4412572658 
2458273.5521408608 	 1.4540000000 	 -0.2778748285 	 3.2879006903 	 69.8153102205 	 333.3769956443 
2458273.5530088353 	 1.4610000000 	 -0.2867101228 	 3.4059266294 	 69.4865721514 	 333.2552929522 
2458273.5538999555 	 1.4680000000 	 -0.2969952405 	 3.1537177197 	 70.1615665268 	 333.2851381911 
2458273.5547795030 	 1.4760000000 	 -0.3087486727 	 3.0751470851 	 70.3724711448 	 333.3930151584 
2458273.5556590501 	 1.4830000000 	 -0.3218611274 	 3.0662841047 	 69.9076769733 	 333.3225356264 
2458273.5565385977 	 1.4910000000 	 -0.3361077554 	 3.3814335183 	 71.3971079632 	 333.4174066116 
2458273.5574181448 	 1.4990000000 	 -0.3511399087 	 3.2184572658 	 69.7465085215 	 333.4319238076 
2458273.5582976923 	 1.5070000000 	 -0.3664925984 	 3.2155699944 	 70.2980552793 	 333.5769832169 
2458273.5591772394 	 1.5150000000 	 -0.3816359333 	 3.3083935149 	 68.9092856309 	 333.4704852645 
2458273.5600567870 	 1.5230000000 	 -0.3960613824 	 3.2698923950 	 71.2896051968 	 333.4468239548 
2458273.5609363341 	 1.5310000000 	 -0.4093786272 	 3.4102875165 	 69.7057389496 	 333.4644131131 
2458273.5618158816 	 1.5400000000 	 -0.4213771288 	 3.1132705679 	 67.9456126401 	 333.4672143963 
2458273.5626954287 	 1.5480000000 	 -0.4320387750 	 3.5180967549 	 70.0303981264 	 333.5162944301 
2458273.5635634032 	 1.5570000000 	 -0.4415145661 	 3.4153119105 	 70.7625952490 	 333.6683984679 
2458273.5644429503 	 1.5650000000 	 -0.4500789379 	 3.5678622401 	 70.5168113880 	 333.5190728005 
2458273.5653224979 	 1.5750000000 	 -0.4580815665 	 3.6418927886 	 72.8559355332 	 333.6075670830 
2458273.5662020450 	 1.5840000000 	 -0.4658953977 	 3.4465135248 	 70.6920553732 	 333.5425129307 
2458273.5670815925 	 1.5930000000 	 -0.4738861357 	 3.5099389775 	 68.2001661156 	 333.5420919668 
2458273.5679611396 	 1.6020000000 	 -0.4824456367 	 4.0318383453 	 73.4275012098 	 333.4155368956 
2458273.5688406872 	 1.6120000000 	 -0.4920778433 	 3.8270797861 	 71.6826666499 	 333.3426025097 
2458273.5697202343 	 1.6220000000 	 -0.5034723103 	 3.7980435217 	 71.5438210316 	 333.4952816031 
2458273.5705997813 	 1.6320000000 	 -0.5174503681 	 3.5175590242 	 70.8220871724 	 333.5884408674 
2458273.5714793289 	 1.6420000000 	 -0.5347357851 	 3.7843875902 	 70.4420055472 	 333.5086456046 
2458273.5723588760 	 1.6520000000 	 -0.5556198642 	 3.9909587870 	 73.0808452829 	 333.3747481045 
2458273.5732384236 	 1.6620000000 	 -0.5797021305 	 3.5598777758 	 69.6360036205 	 333.4584586584 
2458273.5741179707 	 1.6730000000 	 -0.6058639201 	 3.7605735160 	 70.6139255373 	 333.5043463144 
2458273.5749975177 	 1.6840000000 	 -0.6324983194 	 3.8869764007 	 70.4140745854 	 333.3158915149 
2458273.5758770653 	 1.6950000000 	 -0.6578871852 	 3.7526680811 	 72.7793039498 	 333.4334373900 
2458273.5767566124 	 1.7060000000 	 -0.6805680088 	 3.5453574222 	 73.2221241809 	 333.5000417491 
2458273.5776245864 	 1.7170000000 	 -0.6995729887 	 3.4437962591 	 73.4488721804 	 333.4361321508 
2458273.5785041340 	 1.7290000000 	 -0.7144931765 	 3.4984426333 	 71.1567820737 	 333.5058800251 
2458273.5793952541 	 1.7410000000 	 -0.7253984252 	 3.3938656207 	 72.4918195855 	 333.4848055897 
2458273.5802748012 	 1.7530000000 	 -0.7326816212 	 3.5291096445 	 71.9636301384 	 333.6015589971 
2458273.5811543483 	 1.7650000000 	 -0.7369264516 	 3.4738150486 	 73.0445331037 	 333.5708603945 
2458273.5820338959 	 1.7770000000 	 -0.7388426784 	 3.5000822626 	 74.3136890087 	 333.5594933722 
