-0.2637694033 	-0.2615312776 	-0.2664461349 	-0.2582261058 	-0.2638309920
-0.2636258612 	-0.2608698570 	-0.2666642201 	-0.2579532291 	-0.2621985034
-0.2628466487 	-0.2622393151 	-0.2665167004 	-0.2590238558 	-0.2634009369
-0.2607385873 	-0.2617895996 	-0.2651660524 	-0.2566745101 	-0.2626745169
-0.2640881553 	-0.2637385517 	-0.2679430894 	-0.2603288426 	-0.2647940125
-0.2653123875 	-0.2633863056 	-0.2685117736 	-0.2609737556 	-0.2664207166
-0.2654376978 	-0.2648476090 	-0.2676085653 	-0.2612285625 	-0.2651463384
-0.2658998028 	-0.2655777420 	-0.2696033022 	-0.2623552412 	-0.2668566435
-0.2664148907 	-0.2663078773 	-0.2699466795 	-0.2628097105 	-0.2673229157
-0.2657955433 	-0.2670132605 	-0.2704626104 	-0.2632909184 	-0.2689525960
-0.2667998399 	-0.2664337696 	-0.2700375025 	-0.2629486983 	-0.2676870593
-0.2664569276 	-0.2664575047 	-0.2699223788 	-0.2630236198 	-0.2679141816
-0.2668263356 	-0.2673879139 	-0.2706032290 	-0.2630319772 	-0.2677848868
-0.2683558758 	-0.2686172705 	-0.2718846020 	-0.2652956729 	-0.2692381593
-0.2698317752 	-0.2702122302 	-0.2736669779 	-0.2668576177 	-0.2710737697
-0.2699742252 	-0.2698110593 	-0.2727805534 	-0.2675414725 	-0.2718248177
-0.2714376686 	-0.2708795374 	-0.2744142482 	-0.2683331550 	-0.2730265272
-0.2723409765 	-0.2719104553 	-0.2741996588 	-0.2693045091 	-0.2732032065
-0.2719951917 	-0.2723687733 	-0.2757247398 	-0.2698156203 	-0.2747527637
-0.2715082787 	-0.2726044712 	-0.2756602169 	-0.2701273423 	-0.2747120946
-0.2724255220 	-0.2728342463 	-0.2771421923 	-0.2704690219 	-0.2749034889
-0.2750814217 	-0.2743851567 	-0.2775837013 	-0.2719430095 	-0.2762267696
-0.1975569164 	-0.1978940513 	-0.2018118453 	-0.1964155185 	-0.2005275165
-0.1979232973 	-0.1986294941 	-0.2013741015 	-0.1965467942 	-0.2003076859
-0.1979338365 	-0.1987008523 	-0.2024848888 	-0.1961276312 	-0.1998368371
-0.1987961257 	-0.1994246928 	-0.2019188893 	-0.1979019616 	-0.2002566135
-0.1976780534 	-0.1975216274 	-0.2008371370 	-0.1960112291 	-0.2002630283
-0.1982148125 	-0.1994081397 	-0.2020170445 	-0.1967248209 	-0.2005469393
-0.1989686087 	-0.1988279048 	-0.2025349968 	-0.1961064405 	-0.1996174000
-0.1981700841 	-0.1984625863 	-0.2014740579 	-0.1956122888 	-0.2004782370
-0.1978096331 	-0.1984940691 	-0.2016911224 	-0.1966368682 	-0.2002100025
-0.1985822973 	-0.1993953386 	-0.2023645334 	-0.1973459787 	-0.2013894950
-0.1994316902 	-0.1991412738 	-0.2024264854 	-0.1985020309 	-0.2014948056
-0.2009264632 	-0.2014287461 	-0.2042208464 	-0.2000061412 	-0.2034424826
-0.2008351033 	-0.2022985235 	-0.2048044398 	-0.2004303313 	-0.2033475951
-0.2016586884 	-0.2016757377 	-0.2041510837 	-0.2005516320 	-0.2032947653
-0.2019212641 	-0.2023354313 	-0.2056823439 	-0.2008514774 	-0.2039250591
-0.2010774120 	-0.2019636446 	-0.2043189225 	-0.2007519757 	-0.2037194683
-0.2013218307 	-0.2026754692 	-0.2042474942 	-0.2013922824 	-0.2031035839
-0.2020183996 	-0.2034875718 	-0.2052818350 	-0.2013023113 	-0.2046333423
-0.2042880570 	-0.2044743112 	-0.2067398710 	-0.2043145822 	-0.2065886129
-0.2046771421 	-0.2055327536 	-0.2067175846 	-0.2034857892 	-0.2063605951
-0.2052402780 	-0.2058304260 	-0.2076931029 	-0.2047665793 	-0.2072921609
-0.0809354426 	-0.0815895664 	-0.0838873464 	-0.0808206244 	-0.0834008781
-0.0813891416 	-0.0826273331 	-0.0836433209 	-0.0811234575 	-0.0839938637
-0.0808882362 	-0.0808854819 	-0.0832202410 	-0.0804648925 	-0.0824747427
-0.0807357933 	-0.0815032085 	-0.0833647576 	-0.0804043534 	-0.0823340466
-0.0815749131 	-0.0820271626 	-0.0834567839 	-0.0813850240 	-0.0831393472
-0.0819381671 	-0.0823630701 	-0.0842164397 	-0.0810168124 	-0.0835489918
-0.0827578043 	-0.0834068393 	-0.0846582082 	-0.0819437251 	-0.0842099146
-0.0827824188 	-0.0842699315 	-0.0860091793 	-0.0827658854 	-0.0851111797
-0.0840032711 	-0.0848382399 	-0.0852948697 	-0.0834420095 	-0.0852103788
-0.0833608417 	-0.0836068066 	-0.0849769027 	-0.0826580785 	-0.0849501837
-0.0842456948 	-0.0835421691 	-0.0850647163 	-0.0839016629 	-0.0854343856
-0.0839397214 	-0.0845579793 	-0.0853778698 	-0.0837772251 	-0.0851719561
-0.0832170437 	-0.0838958421 	-0.0858937268 	-0.0835319630 	-0.0847178300
-0.0835846848 	-0.0843897851 	-0.0855599900 	-0.0830304867 	-0.0852034213
-0.0836696285 	-0.0846160589 	-0.0853726537 	-0.0837477974 	-0.0853779896
-0.0833158497 	-0.0842506952 	-0.0850562180 	-0.0831680020 	-0.0842247908
-0.0835945450 	-0.0849858857 	-0.0852489450 	-0.0846910326 	-0.0852906457
-0.0846199202 	-0.0844539082 	-0.0862690392 	-0.0853354381 	-0.0865961977
-0.0841059938 	-0.0854028969 	-0.0866680954 	-0.0850995590 	-0.0862457200
-0.0848508804 	-0.0864183132 	-0.0865890424 	-0.0851504852 	-0.0867655160
-0.0872542115 	-0.0872451015 	-0.0874563673 	-0.0865985548 	-0.0873646346
-0.0866683084 	-0.0865943448 	-0.0877304695 	-0.0859595411 	-0.0872557623
-0.0874529896 	-0.0879124706 	-0.0879910533 	-0.0872450372 	-0.0890239383
-0.0863370106 	-0.0870452790 	-0.0873355601 	-0.0865551207 	-0.0879690499
0.0030657724 	0.0024110388 	0.0015556090 	0.0035165159 	0.0015198364
0.0031491634 	0.0027587620 	0.0018321070 	0.0033493784 	0.0019006501
0.0022293598 	0.0012604297 	0.0016721458 	0.0019021520 	0.0012837413
0.0013778434 	0.0013673843 	0.0005898002 	0.0010730761 	0.0006002719
0.0023937668 	0.0028635606 	0.0009789062 	0.0015679128 	0.0009909121
0.0017587745 	0.0015830866 	0.0005635375 	0.0020711411 	0.0006749956
0.0009411890 	0.0013899421 	0.0004616473 	0.0014783589 	0.0001740855
0.0014966261 	0.0017143038 	0.0013989208 	0.0014593238 	0.0013110122
0.0011977358 	0.0005685979 	0.0003313321 	0.0011982911 	0.0008828377
0.0010741381 	0.0005139548 	0.0006870783 	0.0020237638 	0.0007368641
0.0009588346 	0.0012453430 	0.0016139250 	0.0015011229 	0.0015039954
0.0016634975 	0.0024037083 	0.0018191018 	0.0018256399 	0.0019796393
0.0017426606 	0.0005164520 	0.0010428120 	0.0011553966 	0.0001921667
0.0009440211 	0.0007859364 	0.0007153495 	0.0010350510 	0.0006162308
0.0008207924 	0.0006033955 	0.0011704262 	0.0007937295 	0.0010970152
0.0005112317 	0.0000555110 	0.0003597241 	-0.0001812889 	-0.0001369778
0.0015177784 	0.0011869867 	0.0007112549 	0.0017338775 	0.0011148324
0.0000000000 	0.0001921905 	0.0000000000 	0.0000511396 	0.0000858211
-0.0001247028 	-0.0001019540 	-0.0004285357 	0.0000191832 	-0.0003955828
-0.0009371608 	-0.0012941814 	-0.0008867524 	-0.0014640389 	-0.0010203616
-0.0003538751 	-0.0003719660 	-0.0004899620 	-0.0005110180 	-0.0004731459
0.0003505625 	0.0000000000 	0.0002802520 	-0.0001629974 	0.0000000000
0.0003761468 	0.0002578529 	0.0000561905 	0.0000000000 	0.0004219317
-0.0005992738 	-0.0001991617 	-0.0002852453 	0.0000675014 	0.0006420106
-0.0010351017 	-0.0008383558 	-0.0001308160 	-0.0010849178 	-0.0006983803
-0.0017662777 	-0.0016801112 	-0.0004895630 	-0.0012687167 	-0.0010884220
-0.0020635741 	-0.0014152036 	-0.0011685696 	-0.0017034158 	-0.0009601760
-0.0006823389 	-0.0008979564 	-0.0006662078 	-0.0008119533 	-0.0005147417
-0.0024220216 	-0.0020914452 	-0.0018914598 	-0.0018879203 	-0.0017479298
-0.0018000161 	-0.0024684508 	-0.0015631350 	-0.0027536805 	-0.0016097777
-0.0018469852 	-0.0014622588 	-0.0018711240 	-0.0025924597 	-0.0017935016
-0.0023654778 	-0.0034015349 	-0.0019284765 	-0.0030745144 	-0.0018924855
-0.0034317105 	-0.0040248581 	-0.0026702676 	-0.0031728133 	-0.0031275395
-0.0021815440 	-0.0027448714 	-0.0009669207 	-0.0028175953 	-0.0016898274
-0.0026541825 	-0.0030366825 	-0.0019765911 	-0.0028953562 	-0.0019199720
-0.0038379174 	-0.0043027501 	-0.0027426620 	-0.0034580423 	-0.0033666925
-0.0046979937 	-0.0039448138 	-0.0032757618 	-0.0040183733 	-0.0031464098
-0.0038534461 	-0.0040309416 	-0.0035501735 	-0.0046141493 	-0.0040727910
-0.0036408608 	-0.0038744081 	-0.0029954083 	-0.0034218827 	-0.0026806249
-0.0031307616 	-0.0041486439 	-0.0025727730 	-0.0029671690 	-0.0030920900
-0.0039426303 	-0.0043122599 	-0.0030004228 	-0.0042741634 	-0.0032651962
-0.0025986144 	-0.0027103975 	-0.0020423896 	-0.0025349715 	-0.0026807700
-0.0016559078 	-0.0027840477 	-0.0007303452 	-0.0022562569 	-0.0012966881
-0.0027931854 	-0.0034120076 	-0.0022648875 	-0.0030719047 	-0.0027349942
-0.0033550680 	-0.0043420882 	-0.0031713268 	-0.0031463537 	-0.0026117106
-0.0029359419 	-0.0040752769 	-0.0019200180 	-0.0032735798 	-0.0023596869
-0.0038660314 	-0.0040330152 	-0.0027403624 	-0.0038259936 	-0.0033393418
-0.0039993048 	-0.0042611063 	-0.0016595140 	-0.0035444939 	-0.0026291406
-0.0043663564 	-0.0046437104 	-0.0031304408 	-0.0040283402 	-0.0035126083
-0.0049011669 	-0.0048809342 	-0.0036533730 	-0.0042470468 	-0.0038282114
-0.0047110989 	-0.0052365383 	-0.0035566362 	-0.0053959040 	-0.0033092042
-0.0048548775 	-0.0055283916 	-0.0040749549 	-0.0054415227 	-0.0040908422
-0.0049416719 	-0.0054704355 	-0.0036650158 	-0.0048954522 	-0.0038093550
-0.0054170122 	-0.0059045761 	-0.0047424625 	-0.0055582884 	-0.0041032812
-0.0060817067 	-0.0068445919 	-0.0045075707 	-0.0063359416 	-0.0045344171
-0.0061735979 	-0.0068658811 	-0.0049540540 	-0.0059078127 	-0.0047794151
-0.0062243537 	-0.0064008410 	-0.0047976054 	-0.0064739570 	-0.0053041093
-0.0056347814 	-0.0062383594 	-0.0047964755 	-0.0056186592 	-0.0045456953
-0.0052500789 	-0.0058646598 	-0.0033634959 	-0.0053785298 	-0.0035759796
-0.0049673732 	-0.0057443086 	-0.0036099690 	-0.0050224029 	-0.0037804401
-0.0054912831 	-0.0065866672 	-0.0045842105 	-0.0054225245 	-0.0043029861
-0.0050535873 	-0.0060508067 	-0.0042721728 	-0.0055837055 	-0.0034620662
-0.0055122673 	-0.0057607679 	-0.0035328363 	-0.0054256179 	-0.0031698958
-0.0052536511 	-0.0066416914 	-0.0049208824 	-0.0059479612 	-0.0040292565
-0.0060741503 	-0.0066391558 	-0.0043266580 	-0.0058937595 	-0.0044240200
-0.0054919445 	-0.0070159609 	-0.0042629402 	-0.0057332003 	-0.0041197868
-0.0044112653 	-0.0060813527 	-0.0040210635 	-0.0057885347 	-0.0042700387
-0.0049963731 	-0.0064390624 	-0.0050145100 	-0.0059178713 	-0.0049026919
-0.0051731783 	-0.0068905651 	-0.0040677444 	-0.0059903922 	-0.0044932671
-0.0054930924 	-0.0064410564 	-0.0038050578 	-0.0061739976 	-0.0041209922
-0.0053158430 	-0.0067674860 	-0.0043960007 	-0.0053465534 	-0.0044975049
-0.0057217862 	-0.0070498654 	-0.0043809185 	-0.0059192544 	-0.0045995587
-0.0048568713 	-0.0065350133 	-0.0045610251 	-0.0059094781 	-0.0042586011
-0.0057228859 	-0.0067186068 	-0.0039064637 	-0.0058246705 	-0.0038970819
-0.0055398441 	-0.0066180468 	-0.0040536851 	-0.0054406858 	-0.0042639528
-0.0053973158 	-0.0066705912 	-0.0038818866 	-0.0051658465 	-0.0041243679
-0.0047255748 	-0.0070113820 	-0.0037097126 	-0.0046901156 	-0.0044396771
-0.0056284115 	-0.0070006395 	-0.0045321280 	-0.0058917345 	-0.0041278646
-0.0052518350 	-0.0064220947 	-0.0037772038 	-0.0058470303 	-0.0041602235
-0.0059294752 	-0.0075601818 	-0.0051702410 	-0.0061660390 	-0.0052566813
-0.0068932255 	-0.0079343813 	-0.0050255461 	-0.0061194987 	-0.0055139713
-0.0060791331 	-0.0072098121 	-0.0046630437 	-0.0061445002 	-0.0053805889
-0.0073072564 	-0.0083668766 	-0.0055551546 	-0.0065270457 	-0.0057035721
-0.0068182633 	-0.0084689255 	-0.0055952561 	-0.0072226432 	-0.0055439468
0.1464727248 	0.1441816671 	0.1476589404 	0.1468695552 	0.1482964953
0.1462111846 	0.1448284672 	0.1482571116 	0.1463973174 	0.1482481007
0.1471322149 	0.1450698962 	0.1485787276 	0.1468036698 	0.1484154878
0.1458888622 	0.1445511314 	0.1481783705 	0.1465602972 	0.1482948892
0.1469166834 	0.1449907957 	0.1486725989 	0.1470907690 	0.1488317971
0.1465675857 	0.1444055910 	0.1482079668 	0.1465882130 	0.1476351922
0.1471677255 	0.1446221899 	0.1489757279 	0.1465093308 	0.1476316744
0.1469033667 	0.1453072434 	0.1481025126 	0.1472796509 	0.1480890600
0.1456038790 	0.1433909130 	0.1469405050 	0.1459411748 	0.1466643981
0.1453207480 	0.1438394282 	0.1475798513 	0.1464038739 	0.1469211473
0.1465166322 	0.1453037369 	0.1484452531 	0.1470804134 	0.1488863648
0.1474201661 	0.1442496495 	0.1490523552 	0.1465402792 	0.1482266400
0.1471058900 	0.1450848423 	0.1490822213 	0.1477670182 	0.1484314759
0.1468121511 	0.1438840924 	0.1473481742 	0.1463217750 	0.1474048494
0.1465264928 	0.1441298079 	0.1483405743 	0.1467106130 	0.1488181434
0.1478383042 	0.1451672457 	0.1498830259 	0.1475163684 	0.1493302907
0.1466553873 	0.1445912332 	0.1484535776 	0.1471462985 	0.1488336518
0.1463061502 	0.1434973021 	0.1480113403 	0.1459425842 	0.1477865816
0.1470652817 	0.1445118717 	0.1486202290 	0.1465724735 	0.1481938771
0.1475364167 	0.1445309914 	0.1481118087 	0.1469416866 	0.1486610988
0.1480121071 	0.1448448784 	0.1490342095 	0.1476747258 	0.1489008725
0.1469357992 	0.1441036775 	0.1478372087 	0.1469214122 	0.1478745819
0.1464298851 	0.1440153487 	0.1478513381 	0.1464363290 	0.1472203379
0.1458785494 	0.1436569934 	0.1478031607 	0.1462069033 	0.1480105915
0.1470172074 	0.1433442484 	0.1487816256 	0.1468397615 	0.1482340673
0.1468922155 	0.1441882275 	0.1481381335 	0.1469543185 	0.1482645309
0.1477170243 	0.1442217897 	0.1485283208 	0.1466498785 	0.1479360942
0.1465196651 	0.1436464625 	0.1484372248 	0.1459458148 	0.1475299567
0.1454228484 	0.1433273196 	0.1485623931 	0.1465488035 	0.1484901409
0.1464980114 	0.1434168188 	0.1471232976 	0.1461957093 	0.1475286601
0.1461112995 	0.1434177150 	0.1474145241 	0.1457133044 	0.1477019199
0.1459567149 	0.1427482280 	0.1479156883 	0.1458740123 	0.1468376224
0.0421565961 	0.0388537387 	0.0438471116 	0.0421997949 	0.0434937036
0.0426676121 	0.0390797386 	0.0437539317 	0.0425881511 	0.0437014726
0.0414610001 	0.0385794854 	0.0433021522 	0.0418964076 	0.0430793583
0.0419815095 	0.0376923612 	0.0432309192 	0.0416506662 	0.0425223739
0.0418600759 	0.0381943708 	0.0424727431 	0.0424038632 	0.0425731708
0.0412601476 	0.0376374655 	0.0430257962 	0.0412791825 	0.0423869248
0.0411744048 	0.0377236043 	0.0436448981 	0.0411401292 	0.0424102762
0.0418038985 	0.0379372808 	0.0436436596 	0.0413778262 	0.0423160850
0.0413558051 	0.0372991336 	0.0427271556 	0.0416268182 	0.0419358927
0.0414592717 	0.0381318237 	0.0435938527 	0.0418897378 	0.0423776883
0.0416434857 	0.0376639118 	0.0428427532 	0.0417409019 	0.0422629426
0.0407226379 	0.0377792706 	0.0432737303 	0.0417667857 	0.0423836012
0.0413106958 	0.0362560433 	0.0430315560 	0.0409833373 	0.0420931648
0.0423732593 	0.0378190361 	0.0442508080 	0.0417422418 	0.0430378942
0.0423007993 	0.0376859057 	0.0440021548 	0.0419781672 	0.0427843101
0.1459765055 	0.1412867514 	0.1481009230 	0.1462194702 	0.1476462841
0.1453262892 	0.1410185015 	0.1467087902 	0.1455131032 	0.1459163442
0.1457404624 	0.1411849693 	0.1471452661 	0.1449623330 	0.1462370182
0.1447100790 	0.1408432054 	0.1465508203 	0.1450829104 	0.1458604923
0.1450000673 	0.1408542991 	0.1466058903 	0.1453697177 	0.1466680847
0.1449347468 	0.1408770108 	0.1472675466 	0.1458429783 	0.1460463579
0.1458720443 	0.1418205753 	0.1478927070 	0.1460402576 	0.1473823257
0.1465359772 	0.1420259629 	0.1487569705 	0.1466821403 	0.1472410547
0.1473704950 	0.1422512312 	0.1486651239 	0.1469486661 	0.1471253673
0.1462836978 	0.1420842291 	0.1475701383 	0.1468117545 	0.1469521762
0.1466031263 	0.1412610083 	0.1474508918 	0.1462104159 	0.1465420537
0.1482023744 	0.1426850918 	0.1494663791 	0.1479721228 	0.1486170962
0.1477230944 	0.1427909319 	0.1494423483 	0.1480876432 	0.1478510546
0.1469011650 	0.1420878077 	0.1491400419 	0.1470034543 	0.1475903461
0.1461439976 	0.1419985480 	0.1483027023 	0.1467543205 	0.1475706797
0.1479970932 	0.1425755866 	0.1497821841 	0.1468931632 	0.1478363652
0.0437913568 	0.0378330268 	0.0442642387 	0.0426988529 	0.0432497015
0.0440986836 	0.0384124978 	0.0448200093 	0.0428738437 	0.0445148929
0.0461743972 	0.0395894697 	0.0459886900 	0.0445656972 	0.0454381712
0.0456234670 	0.0397569273 	0.0456079022 	0.0448075169 	0.0449074194
0.0451218139 	0.0393339735 	0.0454603987 	0.0441371268 	0.0454855663
0.0457844400 	0.0396813575 	0.0462056460 	0.0448372885 	0.0456286722
0.0451259601 	0.0389880521 	0.0454736807 	0.0449215887 	0.0449835558
0.0455414078 	0.0387544974 	0.0455600539 	0.0445518625 	0.0449316588
0.0453248764 	0.0392186183 	0.0456988724 	0.0440050369 	0.0446383773
0.0456884871 	0.0399189961 	0.0462734731 	0.0448202573 	0.0456282112
0.0458263516 	0.0391276959 	0.0457909103 	0.0443675719 	0.0445801619
0.0462294838 	0.0391282125 	0.0458309604 	0.0445889905 	0.0448998769
0.0461667657 	0.0390731248 	0.0459337573 	0.0449356113 	0.0448672393
0.0464167579 	0.0394595884 	0.0460656645 	0.0450459504 	0.0450003420
0.0464684598 	0.0390190678 	0.0452457445 	0.0450840822 	0.0440441815
0.0460942292 	0.0391658963 	0.0456229743 	0.0444572746 	0.0449341291
0.0452378562 	0.0395553337 	0.0462896371 	0.0445838560 	0.0440457727
0.0453142181 	0.0381609198 	0.0439159081 	0.0438557775 	0.0433320798
0.0462747347 	0.0383895013 	0.0450591689 	0.0443341314 	0.0445201786
0.0453527998 	0.0388879038 	0.0445527265 	0.0441440791 	0.0435817743
0.0461033371 	0.0390266348 	0.0461219790 	0.0444092021 	0.0446609017
0.0464966865 	0.0396885068 	0.0463143195 	0.0457534686 	0.0446598083
0.0462024226 	0.0394718069 	0.0448806234 	0.0450198159 	0.0443501547
0.0474846073 	0.0395734219 	0.0455009187 	0.0462671660 	0.0449998337
0.0478072733 	0.0390840944 	0.0456479395 	0.0461043370 	0.0445914092
0.0476918970 	0.0392420296 	0.0458764453 	0.0462093677 	0.0445349662
0.0481392387 	0.0400984611 	0.0461862609 	0.0460827206 	0.0455088180
0.0485484639 	0.0398376991 	0.0467265824 	0.0473176474 	0.0458568920
0.0483187365 	0.0402826303 	0.0468341784 	0.0474299894 	0.0451606663
0.0486795073 	0.0400796868 	0.0470176880 	0.0464746224 	0.0456916870
0.0489543546 	0.0413239665 	0.0464902621 	0.0478493243 	0.0453856332
0.0498859100 	0.0411430405 	0.0471811236 	0.0483747877 	0.0461069903
0.0501227414 	0.0416551247 	0.0474390651 	0.0476961883 	0.0465835641
0.0504338420 	0.0413242045 	0.0479352575 	0.0483878808 	0.0469281329
0.0509204720 	0.0422939297 	0.0483196731 	0.0487123328 	0.0474307987
0.0502803665 	0.0423601914 	0.0482936964 	0.0499237425 	0.0474261989
0.0506768911 	0.0419824064 	0.0488694881 	0.0500810961 	0.0476777112
0.0523923953 	0.0427479279 	0.0490999937 	0.0499695583 	0.0482293436
0.0515664288 	0.0434687680 	0.0493461171 	0.0506494549 	0.0475429831
0.0512408747 	0.0432844904 	0.0498352862 	0.0511276366 	0.0482197661
0.0516080807 	0.0438320825 	0.0497250829 	0.0509039055 	0.0486039196
0.0512005891 	0.0430314903 	0.0483515810 	0.0503752976 	0.0487095901
0.0522157130 	0.0439388967 	0.0494930998 	0.0509313582 	0.0488980992
0.0516133763 	0.0435740338 	0.0487632415 	0.0510924280 	0.0484425690
0.0517560833 	0.0427173036 	0.0487794741 	0.0506061995 	0.0480448179
0.0508190987 	0.0426118715 	0.0492247125 	0.0507469603 	0.0480608291
0.0520750907 	0.0432917061 	0.0490496149 	0.0510210186 	0.0477228776
0.0523447540 	0.0440464885 	0.0504593665 	0.0516575923 	0.0485390717
0.0532895666 	0.0447893903 	0.0509800330 	0.0521088756 	0.0492640462
0.0532125043 	0.0452871335 	0.0508574847 	0.0528194807 	0.0500044123
0.0528045847 	0.0448278995 	0.0504008422 	0.0521395799 	0.0495219861
0.0527755978 	0.0448428102 	0.0499435288 	0.0526776753 	0.0492609364
0.0545857773 	0.0457372976 	0.0517597567 	0.0536609635 	0.0505028807
0.0545530471 	0.0460875681 	0.0512746997 	0.0533587994 	0.0506505518
0.0535155347 	0.0455370030 	0.0502549990 	0.0529850835 	0.0493718594
0.0532021192 	0.0458532342 	0.0509206727 	0.0531600216 	0.0501427081
0.0532238944 	0.0448437516 	0.0499861078 	0.0526374986 	0.0496516676
0.0540640245 	0.0457427756 	0.0515049447 	0.0539354918 	0.0503827372
0.0531696209 	0.0455709626 	0.0509389782 	0.0537630019 	0.0495492146
0.0523869527 	0.0442809094 	0.0492026594 	0.0524908401 	0.0484830476
0.0520376780 	0.0443435780 	0.0484334442 	0.0513885360 	0.0481268384
0.0510361176 	0.0435732525 	0.0485831665 	0.0519924127 	0.0482635379
0.0538432516 	0.0453934019 	0.0512920474 	0.0540168506 	0.0503258305
0.0530415639 	0.0454138923 	0.0502870076 	0.0530374508 	0.0494919677
0.0526970690 	0.0448033960 	0.0495217601 	0.0522092258 	0.0485586465
0.0521156997 	0.0447975740 	0.0497813843 	0.0531347842 	0.0496655420
0.0524430594 	0.0445653703 	0.0497041479 	0.0531125955 	0.0491962822
0.0528472297 	0.0450410734 	0.0496670359 	0.0525107021 	0.0485090187
0.0527258399 	0.0448224078 	0.0494814553 	0.0536338454 	0.0489822805
0.0534020064 	0.0449413545 	0.0507324573 	0.0525815795 	0.0498176366
0.0531671127 	0.0453560346 	0.0509452416 	0.0535615209 	0.0497661406
0.0563988551 	0.0476838206 	0.0535042493 	0.0560242630 	0.0532635318
0.0550649348 	0.0470619974 	0.0522967238 	0.0548225020 	0.0510410059
0.0549271854 	0.0458371814 	0.0515063070 	0.0541104086 	0.0513115086
0.0550089770 	0.0470128296 	0.0517756267 	0.0541389977 	0.0516942517
0.0550906220 	0.0463971274 	0.0519444302 	0.0545363899 	0.0520163455
0.0550042543 	0.0471341662 	0.0521550942 	0.0554451035 	0.0515505284
0.0540434647 	0.0465498231 	0.0517370054 	0.0543703887 	0.0509758883
0.0554330245 	0.0471299801 	0.0523699219 	0.0550423095 	0.0519594764
0.0555556222 	0.0479225588 	0.0522157584 	0.0554509891 	0.0519750033
0.0559637831 	0.0482545516 	0.0527652459 	0.0561170863 	0.0527530132
0.0568701960 	0.0479707527 	0.0526643693 	0.0561556293 	0.0524220599
0.0565037002 	0.0484417711 	0.0530748904 	0.0560502200 	0.0532783949
0.0578700890 	0.0486620803 	0.0532210000 	0.0569662988 	0.0535938516
0.0580663282 	0.0494683448 	0.0538744331 	0.0572353056 	0.0534661843
0.0573717320 	0.0497304059 	0.0543336715 	0.0579135115 	0.0537201880
0.0584943634 	0.0517027300 	0.0562219254 	0.0593355786 	0.0557534983
0.0594841271 	0.0519136885 	0.0561437198 	0.0596012378 	0.0559314879
0.0596955152 	0.0528710639 	0.0558093938 	0.0598216838 	0.0566921134
0.0608977332 	0.0522343201 	0.0555474064 	0.0596283743 	0.0557180951
0.0599237959 	0.0508632466 	0.0557727018 	0.0593674044 	0.0565941661
0.0603190048 	0.0531028060 	0.0575395826 	0.0609580769 	0.0563657431
0.0588081537 	0.0518338980 	0.0553906385 	0.0593645942 	0.0557727075
0.0573323918 	0.0504413846 	0.0552928177 	0.0593254264 	0.0551347211
0.0584141379 	0.0515274070 	0.0549988163 	0.0589406759 	0.0557098485
0.0583470593 	0.0504064768 	0.0548734189 	0.0597340527 	0.0557701303
0.0573924699 	0.0507316910 	0.0549209852 	0.0593646256 	0.0546979520
0.0572363541 	0.0501753522 	0.0555888097 	0.0594163390 	0.0553070141
0.0571552995 	0.0502173775 	0.0537405079 	0.0587580458 	0.0547204228
0.0566688854 	0.0503477147 	0.0542948529 	0.0572363506 	0.0539499166
0.0568341343 	0.0496366733 	0.0538663617 	0.0579890954 	0.0532681370
0.0560834197 	0.0498109325 	0.0532230952 	0.0567949757 	0.0540647494
0.0567681147 	0.0502717757 	0.0538076135 	0.0575477237 	0.0527504483
0.0572553661 	0.0517271974 	0.0546444823 	0.0585047824 	0.0542126831
0.0569393866 	0.0512504641 	0.0541481570 	0.0587713276 	0.0538802039
0.0575381057 	0.0518859601 	0.0542735002 	0.0593311736 	0.0549053080
0.0579988468 	0.0526207997 	0.0551884717 	0.0592473278 	0.0554332885
0.0588757198 	0.0523516093 	0.0560912181 	0.0601759133 	0.0559149539
0.0590781208 	0.0528947336 	0.0557543194 	0.0607406693 	0.0559802335
0.0584342529 	0.0536735824 	0.0560865774 	0.0611141145 	0.0559441589
0.0578335187 	0.0515637927 	0.0544653464 	0.0601072016 	0.0550607526
0.0570730001 	0.0516990283 	0.0549371288 	0.0600104041 	0.0551324313
0.0588490414 	0.0528172390 	0.0562006144 	0.0606376423 	0.0558168590
0.0599410650 	0.0522379142 	0.0558380400 	0.0613025107 	0.0560246235
-0.0359386542 	-0.0423354584 	-0.0384078085 	-0.0340202476 	-0.0380016748
-0.0370047806 	-0.0423117321 	-0.0390908518 	-0.0344642233 	-0.0396047985
-0.0391826063 	-0.0448759324 	-0.0409084481 	-0.0360652504 	-0.0409629235
-0.0378819893 	-0.0434387591 	-0.0402230856 	-0.0354663996 	-0.0408262807
-0.0353926563 	-0.0418442538 	-0.0382394505 	-0.0331913312 	-0.0382178225
-0.0382244185 	-0.0427746859 	-0.0403661610 	-0.0349918189 	-0.0400451340
-0.0358023373 	-0.0410275536 	-0.0393525872 	-0.0332939915 	-0.0386885252
-0.0351792022 	-0.0396682286 	-0.0374651246 	-0.0319718851 	-0.0372927048
-0.0364377104 	-0.0412177146 	-0.0384961699 	-0.0330317348 	-0.0386442150
-0.0359663389 	-0.0402569306 	-0.0371610911 	-0.0319630751 	-0.0375204622
-0.0357697825 	-0.0398443603 	-0.0378871552 	-0.0317467093 	-0.0370049577
-0.0357903049 	-0.0406143025 	-0.0385362897 	-0.0329159362 	-0.0382890035
-0.0349231557 	-0.0391463795 	-0.0375130448 	-0.0317743048 	-0.0371724781
-0.0369829417 	-0.0421028982 	-0.0393207585 	-0.0335424055 	-0.0390139071
-0.0379996698 	-0.0414428487 	-0.0402458120 	-0.0346889353 	-0.0395329536
-0.0353575934 	-0.0387749370 	-0.0371704391 	-0.0316439265 	-0.0370595682
-0.0351204032 	-0.0389484341 	-0.0383690734 	-0.0319521478 	-0.0366625841
-0.0356035772 	-0.0404424493 	-0.0369781861 	-0.0324899830 	-0.0378499602
-0.0359599605 	-0.0406323858 	-0.0383851973 	-0.0322090851 	-0.0371080822
-0.0349340082 	-0.0403667480 	-0.0387265423 	-0.0324530895 	-0.0380626711
-0.0365070623 	-0.0411660797 	-0.0386435353 	-0.0326316202 	-0.0377683695
-0.0378199928 	-0.0424530167 	-0.0397277532 	-0.0338200776 	-0.0394540387
-0.0369657086 	-0.0413389999 	-0.0393688851 	-0.0333861653 	-0.0386946015
-0.0372451139 	-0.0420055682 	-0.0389281981 	-0.0335473910 	-0.0395475780
-0.0360622648 	-0.0395479798 	-0.0377035823 	-0.0323286798 	-0.0375099555
-0.0810140755 	-0.0849454123 	-0.0831853747 	-0.0771111024 	-0.0820113571
-0.1226368887 	-0.1267877562 	-0.1238128690 	-0.1179455888 	-0.1243483674
-0.1210485283 	-0.1249546484 	-0.1224656096 	-0.1159123624 	-0.1226502554
-0.1194215403 	-0.1231445147 	-0.1215792380 	-0.1150996952 	-0.1212987425
-0.1194304769 	-0.1230683391 	-0.1208548578 	-0.1147784479 	-0.1204046039
-0.1205018317 	-0.1243075692 	-0.1221823621 	-0.1152079700 	-0.1212391635
-0.1196779576 	-0.1233262324 	-0.1212655618 	-0.1145202630 	-0.1207593211
-0.1180619463 	-0.1221424391 	-0.1197903296 	-0.1140949234 	-0.1200131017
-0.1179866728 	-0.1211494117 	-0.1186115820 	-0.1125725188 	-0.1198175431
-0.1181795368 	-0.1222608009 	-0.1212918829 	-0.1139503897 	-0.1200798230
-0.1186193705 	-0.1219184737 	-0.1199546336 	-0.1130178285 	-0.1188015612
-0.1182709997 	-0.1211516211 	-0.1196500272 	-0.1121602318 	-0.1184971432
-0.1186717063 	-0.1213890816 	-0.1200873772 	-0.1129338699 	-0.1199091495
-0.1169377328 	-0.1197443508 	-0.1173925824 	-0.1105804271 	-0.1181993975
-0.1178422917 	-0.1210966192 	-0.1191489363 	-0.1121295087 	-0.1188384003
-0.1164279295 	-0.1197939435 	-0.1172027678 	-0.1103938699 	-0.1177565574
-0.1164432586 	-0.1195300840 	-0.1183678216 	-0.1108988096 	-0.1178271883
-0.1175927642 	-0.1202861190 	-0.1190322594 	-0.1119049259 	-0.1188719860
-0.1185316543 	-0.1201360703 	-0.1180505891 	-0.1115860417 	-0.1189532168
-0.1187033907 	-0.1213197096 	-0.1196366469 	-0.1122403378 	-0.1187949230
-0.1182713213 	-0.1214683536 	-0.1190387846 	-0.1116657593 	-0.1184069554
-0.1207330617 	-0.1216852759 	-0.1221351949 	-0.1143355012 	-0.1219241934
-0.1191334851 	-0.1196186558 	-0.1201484261 	-0.1122822566 	-0.1191983507
-0.1171625563 	-0.1179752541 	-0.1183148859 	-0.1096027191 	-0.1174446049
-0.1169091689 	-0.1188856873 	-0.1181497481 	-0.1097200253 	-0.1176241456
-0.1163947773 	-0.1191492776 	-0.1188266480 	-0.1110596133 	-0.1183147348
-0.1174352986 	-0.1186735021 	-0.1184554814 	-0.1107752408 	-0.1191166089
-0.1173063891 	-0.1189079485 	-0.1191168621 	-0.1095536003 	-0.1183688690
-0.1172037964 	-0.1177496003 	-0.1178529338 	-0.1103405926 	-0.1181580687
-0.1173022318 	-0.1175727152 	-0.1176204295 	-0.1099080538 	-0.1173099113
-0.1133788813 	-0.1150730795 	-0.1147218457 	-0.1061088705 	-0.1140308905
-0.1129740885 	-0.1147369082 	-0.1142271614 	-0.1056400440 	-0.1143009963
-0.1133418493 	-0.1138720664 	-0.1125184033 	-0.1038893902 	-0.1126058374
-0.1071070754 	-0.1112362336 	-0.1109158674 	-0.1012631200 	-0.1094099181
-0.1098624070 	-0.1115015263 	-0.1118222733 	-0.1026478360 	-0.1115597312
-0.1138630634 	-0.1147662598 	-0.1147043125 	-0.1050485334 	-0.1151613660
-0.1145291062 	-0.1145869187 	-0.1149996733 	-0.1056164678 	-0.1149223573
-0.1132113443 	-0.1125045527 	-0.1134102693 	-0.1041682540 	-0.1142037141
-0.1921671561 	-0.1910199851 	-0.1930745443 	-0.1833799236 	-0.1925490045
-0.2670920278 	-0.2674236561 	-0.2691763180 	-0.2590198341 	-0.2673643422
